0.20634920634920634 0.15873015873015872 0.30158730158730157 0.1746031746031746 0.15873015873015872 
0.2 0.18181818181818182 0.2545454545454545 0.18181818181818182 0.18181818181818182 
0.17543859649122806 0.17543859649122806 0.21052631578947367 0.2631578947368421 0.17543859649122806 
0.1864406779661017 0.1694915254237288 0.2033898305084746 0.2033898305084746 0.23728813559322035 
0.18333333333333332 0.25 0.21666666666666667 0.18333333333333332 0.16666666666666666 
0.2 0.18181818181818182 0.2 0.18181818181818182 0.23636363636363636 
0.1694915254237288 0.1694915254237288 0.2711864406779661 0.22033898305084745 0.1694915254237288 
0.1794871794871795 0.1282051282051282 0.20512820512820512 0.16666666666666666 0.32051282051282054 
0.1694915254237288 0.3050847457627119 0.1694915254237288 0.1864406779661017 0.1694915254237288 
0.1864406779661017 0.1694915254237288 0.1694915254237288 0.23728813559322035 0.23728813559322035 
0.1724137931034483 0.1896551724137931 0.20689655172413793 0.25862068965517243 0.1724137931034483 
0.2 0.2 0.2 0.2 0.2 
0.23636363636363636 0.18181818181818182 0.18181818181818182 0.18181818181818182 0.21818181818181817 
0.19642857142857142 0.17857142857142858 0.19642857142857142 0.17857142857142858 0.25 
0.18461538461538463 0.16923076923076924 0.16923076923076924 0.16923076923076924 0.3076923076923077 
0.17391304347826086 0.18840579710144928 0.21739130434782608 0.2608695652173913 0.15942028985507245 
0.2 0.2 0.18181818181818182 0.2 0.21818181818181817 
0.2 0.15714285714285714 0.24285714285714285 0.18571428571428572 0.21428571428571427 
0.18181818181818182 0.21818181818181817 0.2 0.21818181818181817 0.18181818181818182 
0.17543859649122806 0.17543859649122806 0.2807017543859649 0.19298245614035087 0.17543859649122806 
0.1896551724137931 0.1896551724137931 0.2413793103448276 0.1724137931034483 0.20689655172413793 
0.21052631578947367 0.17543859649122806 0.19298245614035087 0.19298245614035087 0.22807017543859648 
0.18181818181818182 0.2727272727272727 0.18181818181818182 0.18181818181818182 0.18181818181818182 
0.17857142857142858 0.17857142857142858 0.2857142857142857 0.17857142857142858 0.17857142857142858 
0.4367816091954023 0.13793103448275862 0.11494252873563218 0.14942528735632185 0.16091954022988506 
0.21428571428571427 0.17857142857142858 0.17857142857142858 0.21428571428571427 0.21428571428571427 
0.17543859649122806 0.17543859649122806 0.19298245614035087 0.2807017543859649 0.17543859649122806 
0.22950819672131148 0.16393442622950818 0.16393442622950818 0.16393442622950818 0.2786885245901639 
0.18333333333333332 0.16666666666666666 0.18333333333333332 0.16666666666666666 0.3 
0.2033898305084746 0.1864406779661017 0.22033898305084745 0.22033898305084745 0.1694915254237288 
0.1724137931034483 0.27586206896551724 0.20689655172413793 0.1724137931034483 0.1724137931034483 
0.23333333333333334 0.16666666666666666 0.16666666666666666 0.16666666666666666 0.26666666666666666 
0.18181818181818182 0.18181818181818182 0.23636363636363636 0.2 0.2 
0.17857142857142858 0.19642857142857142 0.23214285714285715 0.21428571428571427 0.17857142857142858 
0.21052631578947367 0.19298245614035087 0.21052631578947367 0.21052631578947367 0.17543859649122806 
0.19642857142857142 0.17857142857142858 0.17857142857142858 0.21428571428571427 0.23214285714285715 
0.19642857142857142 0.21428571428571427 0.21428571428571427 0.17857142857142858 0.19642857142857142 
0.19642857142857142 0.17857142857142858 0.19642857142857142 0.25 0.17857142857142858 
0.17543859649122806 0.2807017543859649 0.19298245614035087 0.17543859649122806 0.17543859649122806 
0.1746031746031746 0.2222222222222222 0.20634920634920634 0.23809523809523808 0.15873015873015872 
0.17857142857142858 0.19642857142857142 0.19642857142857142 0.25 0.17857142857142858 
0.3173076923076923 0.10576923076923077 0.09615384615384616 0.11538461538461539 0.36538461538461536 
0.24509803921568626 0.058823529411764705 0.11764705882352941 0.10294117647058823 0.47549019607843135 
0.19298245614035087 0.17543859649122806 0.17543859649122806 0.17543859649122806 0.2807017543859649 
0.18181818181818182 0.21818181818181817 0.18181818181818182 0.23636363636363636 0.18181818181818182 
0.21818181818181817 0.18181818181818182 0.2 0.2 0.2 
0.18032786885245902 0.18032786885245902 0.18032786885245902 0.26229508196721313 0.19672131147540983 
0.16666666666666666 0.23333333333333334 0.21666666666666667 0.16666666666666666 0.21666666666666667 
0.2 0.16666666666666666 0.21666666666666667 0.18333333333333332 0.23333333333333334 
0.1724137931034483 0.1724137931034483 0.1896551724137931 0.29310344827586204 0.1724137931034483 
0.17857142857142858 0.17857142857142858 0.25 0.19642857142857142 0.19642857142857142 
0.17543859649122806 0.24561403508771928 0.21052631578947367 0.19298245614035087 0.17543859649122806 
0.21428571428571427 0.17857142857142858 0.21428571428571427 0.21428571428571427 0.17857142857142858 
0.19642857142857142 0.17857142857142858 0.21428571428571427 0.19642857142857142 0.21428571428571427 
0.21311475409836064 0.16393442622950818 0.2459016393442623 0.21311475409836064 0.16393442622950818 
0.17543859649122806 0.24561403508771928 0.19298245614035087 0.21052631578947367 0.17543859649122806 
0.17857142857142858 0.17857142857142858 0.21428571428571427 0.19642857142857142 0.23214285714285715 
0.2 0.18181818181818182 0.23636363636363636 0.2 0.18181818181818182 
0.16129032258064516 0.16129032258064516 0.3387096774193548 0.16129032258064516 0.1774193548387097 
0.23214285714285715 0.17857142857142858 0.19642857142857142 0.17857142857142858 0.21428571428571427 
0.203125 0.15625 0.28125 0.203125 0.15625 
0.2 0.23636363636363636 0.2 0.18181818181818182 0.18181818181818182 
0.17857142857142858 0.19642857142857142 0.17857142857142858 0.23214285714285715 0.21428571428571427 
0.2807017543859649 0.17543859649122806 0.17543859649122806 0.19298245614035087 0.17543859649122806 
0.2 0.2 0.18181818181818182 0.23636363636363636 0.18181818181818182 
0.2608695652173913 0.14492753623188406 0.21739130434782608 0.21739130434782608 0.15942028985507245 
0.2 0.23636363636363636 0.18181818181818182 0.2 0.18181818181818182 
0.3 0.16666666666666666 0.18333333333333332 0.18333333333333332 0.16666666666666666 
0.1694915254237288 0.288135593220339 0.2033898305084746 0.1694915254237288 0.1694915254237288 
0.19642857142857142 0.17857142857142858 0.17857142857142858 0.17857142857142858 0.26785714285714285 
0.17857142857142858 0.25 0.21428571428571427 0.17857142857142858 0.17857142857142858 
0.21428571428571427 0.17857142857142858 0.17857142857142858 0.21428571428571427 0.21428571428571427 
0.19642857142857142 0.17857142857142858 0.19642857142857142 0.25 0.17857142857142858 
0.17543859649122806 0.21052631578947367 0.19298245614035087 0.17543859649122806 0.24561403508771928 
0.16666666666666666 0.26666666666666666 0.18333333333333332 0.16666666666666666 0.21666666666666667 
0.18181818181818182 0.21818181818181817 0.2 0.2 0.2 
0.18181818181818182 0.18181818181818182 0.18181818181818182 0.18181818181818182 0.2727272727272727 
0.17543859649122806 0.17543859649122806 0.2631578947368421 0.21052631578947367 0.17543859649122806 
0.1694915254237288 0.288135593220339 0.1864406779661017 0.1864406779661017 0.1694915254237288 
0.2857142857142857 0.14285714285714285 0.15714285714285714 0.14285714285714285 0.2714285714285714 
0.17857142857142858 0.19642857142857142 0.19642857142857142 0.25 0.17857142857142858 
0.2 0.2 0.2 0.21818181818181817 0.18181818181818182 
0.16393442622950818 0.21311475409836064 0.18032786885245902 0.2786885245901639 0.16393442622950818 
0.20634920634920634 0.15873015873015872 0.1746031746031746 0.15873015873015872 0.30158730158730157 
0.17857142857142858 0.25 0.17857142857142858 0.21428571428571427 0.17857142857142858 
0.16129032258064516 0.3387096774193548 0.1774193548387097 0.16129032258064516 0.16129032258064516 
0.23636363636363636 0.18181818181818182 0.18181818181818182 0.18181818181818182 0.21818181818181817 
0.2 0.18181818181818182 0.2 0.23636363636363636 0.18181818181818182 
0.2631578947368421 0.17543859649122806 0.21052631578947367 0.17543859649122806 0.17543859649122806 
0.21875 0.203125 0.1875 0.1875 0.203125 
0.27586206896551724 0.1724137931034483 0.1724137931034483 0.1724137931034483 0.20689655172413793 
0.19298245614035087 0.19298245614035087 0.19298245614035087 0.24561403508771928 0.17543859649122806 
0.22033898305084745 0.1694915254237288 0.1864406779661017 0.1694915254237288 0.2542372881355932 
0.17543859649122806 0.17543859649122806 0.2807017543859649 0.19298245614035087 0.17543859649122806 
0.19642857142857142 0.17857142857142858 0.26785714285714285 0.17857142857142858 0.17857142857142858 
0.20512820512820512 0.1794871794871795 0.23076923076923078 0.2564102564102564 0.1282051282051282 
0.1896551724137931 0.20689655172413793 0.1724137931034483 0.25862068965517243 0.1724137931034483 
0.2631578947368421 0.17543859649122806 0.21052631578947367 0.17543859649122806 0.17543859649122806 
0.18181818181818182 0.2727272727272727 0.18181818181818182 0.18181818181818182 0.18181818181818182 
0.19298245614035087 0.17543859649122806 0.2631578947368421 0.17543859649122806 0.19298245614035087 
0.20967741935483872 0.16129032258064516 0.22580645161290322 0.22580645161290322 0.1774193548387097 
0.21818181818181817 0.23636363636363636 0.18181818181818182 0.18181818181818182 0.18181818181818182 
0.18181818181818182 0.21818181818181817 0.2 0.21818181818181817 0.18181818181818182 
0.359375 0.15625 0.15625 0.15625 0.171875 
0.15873015873015872 0.25396825396825395 0.20634920634920634 0.2222222222222222 0.15873015873015872 
0.18032786885245902 0.16393442622950818 0.19672131147540983 0.16393442622950818 0.29508196721311475 
0.23636363636363636 0.18181818181818182 0.2 0.18181818181818182 0.2 
0.17857142857142858 0.21428571428571427 0.23214285714285715 0.17857142857142858 0.19642857142857142 
0.21052631578947367 0.24561403508771928 0.17543859649122806 0.17543859649122806 0.19298245614035087 
0.21818181818181817 0.18181818181818182 0.21818181818181817 0.2 0.18181818181818182 
0.16393442622950818 0.19672131147540983 0.29508196721311475 0.18032786885245902 0.16393442622950818 
0.1935483870967742 0.16129032258064516 0.16129032258064516 0.1774193548387097 0.3064516129032258 
0.2 0.2545454545454545 0.18181818181818182 0.18181818181818182 0.18181818181818182 
0.19298245614035087 0.21052631578947367 0.21052631578947367 0.19298245614035087 0.19298245614035087 
0.23076923076923078 0.15384615384615385 0.15384615384615385 0.20512820512820512 0.2564102564102564 
0.17857142857142858 0.19642857142857142 0.19642857142857142 0.25 0.17857142857142858 
0.18181818181818182 0.23636363636363636 0.2 0.2 0.18181818181818182 
0.0970873786407767 0.5242718446601942 0.13592233009708737 0.0970873786407767 0.14563106796116504 
0.18032786885245902 0.16393442622950818 0.19672131147540983 0.29508196721311475 0.16393442622950818 
0.23636363636363636 0.18181818181818182 0.2 0.2 0.18181818181818182 
0.17857142857142858 0.19642857142857142 0.23214285714285715 0.21428571428571427 0.17857142857142858 
0.18181818181818182 0.21818181818181817 0.21818181818181817 0.2 0.18181818181818182 
0.1724137931034483 0.20689655172413793 0.27586206896551724 0.1724137931034483 0.1724137931034483 
0.21818181818181817 0.18181818181818182 0.18181818181818182 0.18181818181818182 0.23636363636363636 
0.24561403508771928 0.17543859649122806 0.17543859649122806 0.22807017543859648 0.17543859649122806 
0.13157894736842105 0.39473684210526316 0.15789473684210525 0.18421052631578946 0.13157894736842105 
0.17543859649122806 0.2631578947368421 0.19298245614035087 0.19298245614035087 0.17543859649122806 
0.2 0.2 0.2 0.21818181818181817 0.18181818181818182 
0.3 0.16666666666666666 0.16666666666666666 0.18333333333333332 0.18333333333333332 
0.16129032258064516 0.1935483870967742 0.27419354838709675 0.1774193548387097 0.1935483870967742 
0.19642857142857142 0.21428571428571427 0.17857142857142858 0.19642857142857142 0.21428571428571427 
0.21428571428571427 0.17857142857142858 0.21428571428571427 0.19642857142857142 0.19642857142857142 
0.23880597014925373 0.1791044776119403 0.1791044776119403 0.23880597014925373 0.16417910447761194 
0.17857142857142858 0.23214285714285715 0.19642857142857142 0.21428571428571427 0.17857142857142858 
0.18181818181818182 0.23636363636363636 0.2 0.2 0.18181818181818182 
0.18181818181818182 0.2 0.21818181818181817 0.21818181818181817 0.18181818181818182 
0.19298245614035087 0.2631578947368421 0.17543859649122806 0.17543859649122806 0.19298245614035087 
0.18333333333333332 0.21666666666666667 0.23333333333333334 0.2 0.16666666666666666 
0.18181818181818182 0.23636363636363636 0.18181818181818182 0.21818181818181817 0.18181818181818182 
0.17543859649122806 0.22807017543859648 0.17543859649122806 0.24561403508771928 0.17543859649122806 
0.14705882352941177 0.14705882352941177 0.35294117647058826 0.14705882352941177 0.20588235294117646 
0.208955223880597 0.16417910447761194 0.14925373134328357 0.19402985074626866 0.2835820895522388 
0.21818181818181817 0.18181818181818182 0.2 0.18181818181818182 0.21818181818181817 
0.14492753623188406 0.36231884057971014 0.15942028985507245 0.18840579710144928 0.14492753623188406 
0.1625 0.125 0.125 0.125 0.4625 
0.21818181818181817 0.18181818181818182 0.18181818181818182 0.18181818181818182 0.23636363636363636 
0.18181818181818182 0.18181818181818182 0.2 0.18181818181818182 0.2545454545454545 
0.21428571428571427 0.17857142857142858 0.21428571428571427 0.17857142857142858 0.21428571428571427 
0.21428571428571427 0.17857142857142858 0.17857142857142858 0.17857142857142858 0.25 
0.1774193548387097 0.25806451612903225 0.24193548387096775 0.16129032258064516 0.16129032258064516 
0.26785714285714285 0.17857142857142858 0.17857142857142858 0.17857142857142858 0.19642857142857142 
0.21428571428571427 0.17857142857142858 0.17857142857142858 0.21428571428571427 0.21428571428571427 
0.24193548387096775 0.20967741935483872 0.1935483870967742 0.1935483870967742 0.16129032258064516 
0.24647887323943662 0.1619718309859155 0.20422535211267606 0.20422535211267606 0.18309859154929578 
0.17142857142857143 0.3 0.18571428571428572 0.2 0.14285714285714285 
0.1896551724137931 0.1724137931034483 0.25862068965517243 0.1896551724137931 0.1896551724137931 
0.18032786885245902 0.16393442622950818 0.2459016393442623 0.16393442622950818 0.2459016393442623 
0.14492753623188406 0.3333333333333333 0.18840579710144928 0.18840579710144928 0.14492753623188406 
0.18181818181818182 0.2 0.21818181818181817 0.21818181818181817 0.18181818181818182 
0.21818181818181817 0.2 0.2 0.18181818181818182 0.2 
0.17857142857142858 0.26785714285714285 0.17857142857142858 0.19642857142857142 0.17857142857142858 
0.18181818181818182 0.18181818181818182 0.18181818181818182 0.2727272727272727 0.18181818181818182 
0.16666666666666666 0.18333333333333332 0.16666666666666666 0.16666666666666666 0.31666666666666665 
0.1694915254237288 0.1864406779661017 0.1864406779661017 0.288135593220339 0.1694915254237288 
0.2 0.18181818181818182 0.18181818181818182 0.18181818181818182 0.2545454545454545 
0.18181818181818182 0.23636363636363636 0.21818181818181817 0.18181818181818182 0.18181818181818182 
0.18181818181818182 0.21818181818181817 0.18181818181818182 0.23636363636363636 0.18181818181818182 
0.21818181818181817 0.18181818181818182 0.18181818181818182 0.18181818181818182 0.23636363636363636 
0.16129032258064516 0.24193548387096775 0.1935483870967742 0.22580645161290322 0.1774193548387097 
0.21428571428571427 0.17857142857142858 0.17857142857142858 0.19642857142857142 0.23214285714285715 
0.17857142857142858 0.19642857142857142 0.19642857142857142 0.23214285714285715 0.19642857142857142 
0.18181818181818182 0.2 0.18181818181818182 0.2 0.23636363636363636 
0.1864406779661017 0.1694915254237288 0.2033898305084746 0.1864406779661017 0.2542372881355932 
0.18181818181818182 0.23636363636363636 0.18181818181818182 0.21818181818181817 0.18181818181818182 
0.24193548387096775 0.16129032258064516 0.16129032258064516 0.1774193548387097 0.25806451612903225 
0.16666666666666666 0.15151515151515152 0.25757575757575757 0.21212121212121213 0.21212121212121213 
0.14492753623188406 0.14492753623188406 0.4057971014492754 0.15942028985507245 0.14492753623188406 
0.22807017543859648 0.17543859649122806 0.17543859649122806 0.19298245614035087 0.22807017543859648 
0.16666666666666666 0.15151515151515152 0.36363636363636365 0.16666666666666666 0.15151515151515152 
0.17857142857142858 0.26785714285714285 0.17857142857142858 0.19642857142857142 0.17857142857142858 
0.2054794520547945 0.2054794520547945 0.1643835616438356 0.1643835616438356 0.2602739726027397 
0.2 0.18181818181818182 0.21818181818181817 0.18181818181818182 0.21818181818181817 
0.15315315315315314 0.10810810810810811 0.1981981981981982 0.0990990990990991 0.44144144144144143 
0.17857142857142858 0.21428571428571427 0.23214285714285715 0.19642857142857142 0.17857142857142858 
0.17543859649122806 0.17543859649122806 0.17543859649122806 0.17543859649122806 0.2982456140350877 
0.17857142857142858 0.26785714285714285 0.17857142857142858 0.19642857142857142 0.17857142857142858 
0.19642857142857142 0.23214285714285715 0.19642857142857142 0.19642857142857142 0.17857142857142858 
0.1694915254237288 0.1694915254237288 0.1694915254237288 0.1694915254237288 0.3220338983050847 
0.21052631578947367 0.19298245614035087 0.21052631578947367 0.19298245614035087 0.19298245614035087 
0.1724137931034483 0.29310344827586204 0.1724137931034483 0.1896551724137931 0.1724137931034483 
0.22807017543859648 0.17543859649122806 0.22807017543859648 0.17543859649122806 0.19298245614035087 
0.19298245614035087 0.17543859649122806 0.19298245614035087 0.17543859649122806 0.2631578947368421 
0.1791044776119403 0.1791044776119403 0.22388059701492538 0.26865671641791045 0.14925373134328357 
0.15555555555555556 0.18888888888888888 0.26666666666666666 0.2 0.18888888888888888 
0.19298245614035087 0.17543859649122806 0.19298245614035087 0.24561403508771928 0.19298245614035087 
0.21212121212121213 0.15151515151515152 0.19696969696969696 0.24242424242424243 0.19696969696969696 
0.19642857142857142 0.19642857142857142 0.23214285714285715 0.19642857142857142 0.17857142857142858 
0.17543859649122806 0.22807017543859648 0.19298245614035087 0.21052631578947367 0.19298245614035087 
0.21818181818181817 0.18181818181818182 0.2 0.18181818181818182 0.21818181818181817 
0.16393442622950818 0.18032786885245902 0.29508196721311475 0.19672131147540983 0.16393442622950818 
0.23728813559322035 0.1864406779661017 0.1694915254237288 0.1694915254237288 0.23728813559322035 
0.15151515151515152 0.36363636363636365 0.15151515151515152 0.16666666666666666 0.16666666666666666 
0.19642857142857142 0.21428571428571427 0.21428571428571427 0.19642857142857142 0.17857142857142858 
0.16393442622950818 0.21311475409836064 0.2459016393442623 0.16393442622950818 0.21311475409836064 
0.22413793103448276 0.1724137931034483 0.20689655172413793 0.22413793103448276 0.1724137931034483 
0.1724137931034483 0.1724137931034483 0.1724137931034483 0.29310344827586204 0.1896551724137931 
0.2 0.2545454545454545 0.18181818181818182 0.18181818181818182 0.18181818181818182 
0.23880597014925373 0.22388059701492538 0.16417910447761194 0.16417910447761194 0.208955223880597 
0.22807017543859648 0.17543859649122806 0.22807017543859648 0.17543859649122806 0.19298245614035087 
0.2 0.23636363636363636 0.18181818181818182 0.18181818181818182 0.2 
0.17543859649122806 0.17543859649122806 0.19298245614035087 0.2807017543859649 0.17543859649122806 
0.17543859649122806 0.2807017543859649 0.17543859649122806 0.19298245614035087 0.17543859649122806 
0.1694915254237288 0.2711864406779661 0.2033898305084746 0.1864406779661017 0.1694915254237288 
0.17857142857142858 0.23214285714285715 0.23214285714285715 0.17857142857142858 0.17857142857142858 
0.21428571428571427 0.17857142857142858 0.21428571428571427 0.19642857142857142 0.19642857142857142 
0.1864406779661017 0.1694915254237288 0.1694915254237288 0.1694915254237288 0.3050847457627119 
0.2413793103448276 0.1724137931034483 0.22413793103448276 0.1896551724137931 0.1724137931034483 
0.18181818181818182 0.18181818181818182 0.23636363636363636 0.2 0.2 
0.20833333333333334 0.1388888888888889 0.2638888888888889 0.2222222222222222 0.16666666666666666 
0.19642857142857142 0.23214285714285715 0.17857142857142858 0.17857142857142858 0.21428571428571427 
0.3492063492063492 0.15873015873015872 0.1746031746031746 0.15873015873015872 0.15873015873015872 
0.2 0.18181818181818182 0.18181818181818182 0.18181818181818182 0.2545454545454545 
0.20689655172413793 0.2413793103448276 0.1896551724137931 0.1896551724137931 0.1724137931034483 
0.23636363636363636 0.18181818181818182 0.18181818181818182 0.2 0.2 
0.17857142857142858 0.19642857142857142 0.19642857142857142 0.19642857142857142 0.23214285714285715 
0.23214285714285715 0.19642857142857142 0.17857142857142858 0.17857142857142858 0.21428571428571427 
0.18181818181818182 0.2545454545454545 0.18181818181818182 0.2 0.18181818181818182 
0.17857142857142858 0.19642857142857142 0.19642857142857142 0.25 0.17857142857142858 
0.17857142857142858 0.21428571428571427 0.19642857142857142 0.23214285714285715 0.17857142857142858 
0.17857142857142858 0.19642857142857142 0.23214285714285715 0.19642857142857142 0.19642857142857142 
0.19642857142857142 0.19642857142857142 0.19642857142857142 0.23214285714285715 0.17857142857142858 
0.14285714285714285 0.2714285714285714 0.2571428571428571 0.18571428571428572 0.14285714285714285 
0.22058823529411764 0.16176470588235295 0.19117647058823528 0.17647058823529413 0.25 
0.17857142857142858 0.17857142857142858 0.19642857142857142 0.26785714285714285 0.17857142857142858 
0.18181818181818182 0.21818181818181817 0.2 0.21818181818181817 0.18181818181818182 
0.2711864406779661 0.2033898305084746 0.1694915254237288 0.1694915254237288 0.1864406779661017 
0.2545454545454545 0.18181818181818182 0.2 0.18181818181818182 0.18181818181818182 
0.2413793103448276 0.1724137931034483 0.1724137931034483 0.20689655172413793 0.20689655172413793 
0.27380952380952384 0.14285714285714285 0.16666666666666666 0.17857142857142858 0.23809523809523808 
0.1724137931034483 0.3103448275862069 0.1724137931034483 0.1724137931034483 0.1724137931034483 
0.2857142857142857 0.17857142857142858 0.17857142857142858 0.17857142857142858 0.17857142857142858 
0.2702702702702703 0.14864864864864866 0.22972972972972974 0.17567567567567569 0.17567567567567569 
0.14492753623188406 0.36231884057971014 0.18840579710144928 0.14492753623188406 0.15942028985507245 
0.18181818181818182 0.18181818181818182 0.2 0.2545454545454545 0.18181818181818182 
0.22058823529411764 0.20588235294117646 0.17647058823529413 0.23529411764705882 0.16176470588235295 
0.18181818181818182 0.18181818181818182 0.21818181818181817 0.2 0.21818181818181817 
0.1774193548387097 0.3225806451612903 0.16129032258064516 0.1774193548387097 0.16129032258064516 
0.19047619047619047 0.20634920634920634 0.1746031746031746 0.2698412698412698 0.15873015873015872 
0.18181818181818182 0.2545454545454545 0.18181818181818182 0.2 0.18181818181818182 
0.19298245614035087 0.17543859649122806 0.21052631578947367 0.24561403508771928 0.17543859649122806 
0.23636363636363636 0.18181818181818182 0.18181818181818182 0.2 0.2 
0.18181818181818182 0.2 0.21818181818181817 0.21818181818181817 0.18181818181818182 
0.2542372881355932 0.1694915254237288 0.22033898305084745 0.1864406779661017 0.1694915254237288 
0.22807017543859648 0.22807017543859648 0.19298245614035087 0.17543859649122806 0.17543859649122806 
0.20689655172413793 0.1724137931034483 0.1896551724137931 0.1724137931034483 0.25862068965517243 
0.21052631578947367 0.17543859649122806 0.19298245614035087 0.24561403508771928 0.17543859649122806 
0.2 0.18181818181818182 0.21818181818181817 0.21818181818181817 0.18181818181818182 
0.22388059701492538 0.16417910447761194 0.1791044776119403 0.16417910447761194 0.26865671641791045 
0.18181818181818182 0.2727272727272727 0.18181818181818182 0.18181818181818182 0.18181818181818182 
0.21052631578947367 0.19298245614035087 0.17543859649122806 0.22807017543859648 0.19298245614035087 
0.21052631578947367 0.19298245614035087 0.21052631578947367 0.17543859649122806 0.21052631578947367 
0.2545454545454545 0.18181818181818182 0.18181818181818182 0.18181818181818182 0.2 
0.17391304347826086 0.21739130434782608 0.17391304347826086 0.2463768115942029 0.18840579710144928 
0.1694915254237288 0.2711864406779661 0.1694915254237288 0.22033898305084745 0.1694915254237288 
0.2807017543859649 0.17543859649122806 0.17543859649122806 0.17543859649122806 0.19298245614035087 
0.18032786885245902 0.29508196721311475 0.18032786885245902 0.18032786885245902 0.16393442622950818 
0.1694915254237288 0.288135593220339 0.1864406779661017 0.1694915254237288 0.1864406779661017 
0.18181818181818182 0.18181818181818182 0.23636363636363636 0.21818181818181817 0.18181818181818182 
0.17857142857142858 0.17857142857142858 0.17857142857142858 0.17857142857142858 0.2857142857142857 
0.1896551724137931 0.1896551724137931 0.1896551724137931 0.25862068965517243 0.1724137931034483 
0.19642857142857142 0.19642857142857142 0.19642857142857142 0.19642857142857142 0.21428571428571427 
0.15384615384615385 0.2 0.24615384615384617 0.15384615384615385 0.24615384615384617 
0.1694915254237288 0.2542372881355932 0.1864406779661017 0.22033898305084745 0.1694915254237288 
0.1875 0.171875 0.296875 0.171875 0.171875 
0.21311475409836064 0.16393442622950818 0.16393442622950818 0.19672131147540983 0.26229508196721313 
0.18181818181818182 0.23636363636363636 0.18181818181818182 0.21818181818181817 0.18181818181818182 
0.18181818181818182 0.18181818181818182 0.2 0.21818181818181817 0.21818181818181817 
0.17857142857142858 0.21428571428571427 0.19642857142857142 0.17857142857142858 0.23214285714285715 
0.18181818181818182 0.18181818181818182 0.21818181818181817 0.18181818181818182 0.23636363636363636 
0.16393442622950818 0.18032786885245902 0.18032786885245902 0.16393442622950818 0.3114754098360656 
0.1864406779661017 0.2033898305084746 0.22033898305084745 0.22033898305084745 0.1694915254237288 
0.19642857142857142 0.17857142857142858 0.19642857142857142 0.25 0.17857142857142858 
0.19298245614035087 0.17543859649122806 0.19298245614035087 0.2631578947368421 0.17543859649122806 
0.17857142857142858 0.19642857142857142 0.26785714285714285 0.17857142857142858 0.17857142857142858 
0.15384615384615385 0.15384615384615385 0.2 0.18461538461538463 0.3076923076923077 
0.18181818181818182 0.2545454545454545 0.18181818181818182 0.2 0.18181818181818182 
0.22807017543859648 0.17543859649122806 0.17543859649122806 0.17543859649122806 0.24561403508771928 
0.2033898305084746 0.1864406779661017 0.1864406779661017 0.1864406779661017 0.23728813559322035 
0.18333333333333332 0.16666666666666666 0.16666666666666666 0.16666666666666666 0.31666666666666665 
0.21428571428571427 0.19642857142857142 0.19642857142857142 0.17857142857142858 0.21428571428571427 
0.3382352941176471 0.16176470588235295 0.16176470588235295 0.17647058823529413 0.16176470588235295 
0.21818181818181817 0.18181818181818182 0.2 0.21818181818181817 0.18181818181818182 
0.17857142857142858 0.25 0.17857142857142858 0.21428571428571427 0.17857142857142858 
0.2 0.18181818181818182 0.23636363636363636 0.2 0.18181818181818182 
0.18181818181818182 0.21818181818181817 0.18181818181818182 0.23636363636363636 0.18181818181818182 
0.18181818181818182 0.2 0.23636363636363636 0.2 0.18181818181818182 
0.2807017543859649 0.17543859649122806 0.17543859649122806 0.17543859649122806 0.19298245614035087 
0.18181818181818182 0.18181818181818182 0.2 0.21818181818181817 0.21818181818181817 
0.2 0.18181818181818182 0.23636363636363636 0.2 0.18181818181818182 
0.21428571428571427 0.19642857142857142 0.21428571428571427 0.19642857142857142 0.17857142857142858 
0.19642857142857142 0.19642857142857142 0.17857142857142858 0.25 0.17857142857142858 
0.18333333333333332 0.16666666666666666 0.25 0.23333333333333334 0.16666666666666666 
0.17543859649122806 0.22807017543859648 0.21052631578947367 0.21052631578947367 0.17543859649122806 
0.18181818181818182 0.2 0.18181818181818182 0.2545454545454545 0.18181818181818182 
0.18181818181818182 0.23636363636363636 0.18181818181818182 0.21818181818181817 0.18181818181818182 
0.2 0.18181818181818182 0.21818181818181817 0.21818181818181817 0.18181818181818182 
0.19696969696969696 0.15151515151515152 0.3181818181818182 0.15151515151515152 0.18181818181818182 
0.2 0.18181818181818182 0.18181818181818182 0.21818181818181817 0.21818181818181817 
0.2 0.15384615384615385 0.16923076923076924 0.16923076923076924 0.3076923076923077 
0.22807017543859648 0.17543859649122806 0.17543859649122806 0.17543859649122806 0.24561403508771928 
0.16129032258064516 0.3225806451612903 0.16129032258064516 0.1935483870967742 0.16129032258064516 
0.24193548387096775 0.16129032258064516 0.16129032258064516 0.16129032258064516 0.27419354838709675 
0.23636363636363636 0.18181818181818182 0.18181818181818182 0.18181818181818182 0.21818181818181817 
0.19642857142857142 0.21428571428571427 0.17857142857142858 0.21428571428571427 0.19642857142857142 
0.23636363636363636 0.2 0.2 0.18181818181818182 0.18181818181818182 
0.1896551724137931 0.1896551724137931 0.2413793103448276 0.1896551724137931 0.1896551724137931 
0.208955223880597 0.2537313432835821 0.16417910447761194 0.208955223880597 0.16417910447761194 
0.23333333333333334 0.16666666666666666 0.26666666666666666 0.16666666666666666 0.16666666666666666 
0.25 0.16666666666666666 0.2 0.2 0.18333333333333332 
0.2 0.2 0.2 0.21818181818181817 0.18181818181818182 
0.35064935064935066 0.14285714285714285 0.14285714285714285 0.15584415584415584 0.2077922077922078 
0.2 0.2 0.18181818181818182 0.18181818181818182 0.23636363636363636 
0.21428571428571427 0.17857142857142858 0.23214285714285715 0.17857142857142858 0.19642857142857142 
0.2 0.18181818181818182 0.23636363636363636 0.2 0.18181818181818182 
0.18181818181818182 0.18181818181818182 0.2 0.18181818181818182 0.2545454545454545 
0.2 0.18181818181818182 0.23636363636363636 0.2 0.18181818181818182 
0.1896551724137931 0.1724137931034483 0.20689655172413793 0.25862068965517243 0.1724137931034483 
0.2328767123287671 0.136986301369863 0.2465753424657534 0.2465753424657534 0.136986301369863 
0.20689655172413793 0.1724137931034483 0.1724137931034483 0.1724137931034483 0.27586206896551724 
0.22807017543859648 0.17543859649122806 0.21052631578947367 0.21052631578947367 0.17543859649122806 
0.15625 0.234375 0.203125 0.234375 0.171875 
0.23214285714285715 0.17857142857142858 0.17857142857142858 0.19642857142857142 0.21428571428571427 
0.16901408450704225 0.14084507042253522 0.18309859154929578 0.36619718309859156 0.14084507042253522 
0.17857142857142858 0.23214285714285715 0.21428571428571427 0.19642857142857142 0.17857142857142858 
0.19642857142857142 0.19642857142857142 0.25 0.17857142857142858 0.17857142857142858 
0.26666666666666666 0.16666666666666666 0.18333333333333332 0.21666666666666667 0.16666666666666666 
0.21818181818181817 0.18181818181818182 0.2 0.2 0.2 
0.1791044776119403 0.2537313432835821 0.16417910447761194 0.19402985074626866 0.208955223880597 
0.19642857142857142 0.17857142857142858 0.21428571428571427 0.19642857142857142 0.21428571428571427 
0.16666666666666666 0.16666666666666666 0.18333333333333332 0.2833333333333333 0.2 
0.2 0.18181818181818182 0.21818181818181817 0.18181818181818182 0.21818181818181817 
0.17857142857142858 0.17857142857142858 0.25 0.17857142857142858 0.21428571428571427 
0.2033898305084746 0.1694915254237288 0.1864406779661017 0.1864406779661017 0.2542372881355932 
0.2545454545454545 0.18181818181818182 0.18181818181818182 0.18181818181818182 0.2 
0.1935483870967742 0.16129032258064516 0.1935483870967742 0.2903225806451613 0.16129032258064516 
0.23636363636363636 0.18181818181818182 0.2 0.18181818181818182 0.2 
0.21818181818181817 0.18181818181818182 0.18181818181818182 0.21818181818181817 0.2 
0.2 0.2 0.18181818181818182 0.23636363636363636 0.18181818181818182 
0.18181818181818182 0.23636363636363636 0.18181818181818182 0.21818181818181817 0.18181818181818182 
0.18181818181818182 0.2727272727272727 0.18181818181818182 0.18181818181818182 0.18181818181818182 
0.15384615384615385 0.26153846153846155 0.24615384615384617 0.16923076923076924 0.16923076923076924 
0.18181818181818182 0.21818181818181817 0.2 0.21818181818181817 0.18181818181818182 
0.22413793103448276 0.1724137931034483 0.1896551724137931 0.22413793103448276 0.1896551724137931 
0.21818181818181817 0.18181818181818182 0.21818181818181817 0.2 0.18181818181818182 
0.19642857142857142 0.21428571428571427 0.17857142857142858 0.23214285714285715 0.17857142857142858 
0.19672131147540983 0.19672131147540983 0.21311475409836064 0.22950819672131148 0.16393442622950818 
0.18181818181818182 0.2 0.21818181818181817 0.2 0.2 
0.2 0.23636363636363636 0.18181818181818182 0.2 0.18181818181818182 
0.1864406779661017 0.1694915254237288 0.3050847457627119 0.1694915254237288 0.1694915254237288 
0.22727272727272727 0.15151515151515152 0.15151515151515152 0.16666666666666666 0.30303030303030304 
0.16666666666666666 0.18333333333333332 0.25 0.23333333333333334 0.16666666666666666 
0.18181818181818182 0.2727272727272727 0.18181818181818182 0.18181818181818182 0.18181818181818182 
0.18181818181818182 0.21818181818181817 0.18181818181818182 0.2 0.21818181818181817 
0.22807017543859648 0.17543859649122806 0.24561403508771928 0.17543859649122806 0.17543859649122806 
0.19298245614035087 0.17543859649122806 0.21052631578947367 0.21052631578947367 0.21052631578947367 
0.26229508196721313 0.16393442622950818 0.19672131147540983 0.18032786885245902 0.19672131147540983 
0.2033898305084746 0.1864406779661017 0.2542372881355932 0.1864406779661017 0.1694915254237288 
0.22807017543859648 0.17543859649122806 0.22807017543859648 0.17543859649122806 0.19298245614035087 
0.18181818181818182 0.2545454545454545 0.18181818181818182 0.2 0.18181818181818182 
0.1694915254237288 0.3050847457627119 0.1694915254237288 0.1864406779661017 0.1694915254237288 
0.2 0.18181818181818182 0.18181818181818182 0.18181818181818182 0.2545454545454545 
0.25 0.17857142857142858 0.19642857142857142 0.19642857142857142 0.17857142857142858 
0.2413793103448276 0.1896551724137931 0.1724137931034483 0.1896551724137931 0.20689655172413793 
0.18181818181818182 0.2 0.23636363636363636 0.2 0.18181818181818182 
0.23636363636363636 0.21818181818181817 0.18181818181818182 0.18181818181818182 0.18181818181818182 
0.18181818181818182 0.23636363636363636 0.2 0.2 0.18181818181818182 
0.17543859649122806 0.21052631578947367 0.24561403508771928 0.19298245614035087 0.17543859649122806 
0.14102564102564102 0.1794871794871795 0.23076923076923078 0.32051282051282054 0.1282051282051282 
0.18181818181818182 0.21818181818181817 0.18181818181818182 0.23636363636363636 0.18181818181818182 
0.16666666666666666 0.18181818181818182 0.16666666666666666 0.16666666666666666 0.3181818181818182 
0.2 0.18181818181818182 0.23636363636363636 0.18181818181818182 0.2 
0.2 0.23636363636363636 0.18181818181818182 0.2 0.18181818181818182 
0.22807017543859648 0.17543859649122806 0.17543859649122806 0.17543859649122806 0.24561403508771928 
0.21428571428571427 0.17857142857142858 0.25 0.17857142857142858 0.17857142857142858 
0.2222222222222222 0.19047619047619047 0.1746031746031746 0.2222222222222222 0.19047619047619047 
0.1694915254237288 0.3050847457627119 0.1694915254237288 0.1864406779661017 0.1694915254237288 
0.10743801652892562 0.4793388429752066 0.14049586776859505 0.18181818181818182 0.09090909090909091 
0.22727272727272727 0.21212121212121213 0.18181818181818182 0.22727272727272727 0.15151515151515152 
0.21818181818181817 0.18181818181818182 0.18181818181818182 0.18181818181818182 0.23636363636363636 
0.23214285714285715 0.17857142857142858 0.17857142857142858 0.21428571428571427 0.19642857142857142 
0.17543859649122806 0.17543859649122806 0.21052631578947367 0.2631578947368421 0.17543859649122806 
0.19333333333333333 0.23333333333333334 0.15333333333333332 0.18666666666666668 0.23333333333333334 
0.2 0.18181818181818182 0.18181818181818182 0.18181818181818182 0.2545454545454545 
0.19642857142857142 0.19642857142857142 0.21428571428571427 0.17857142857142858 0.21428571428571427 
0.23214285714285715 0.17857142857142858 0.17857142857142858 0.17857142857142858 0.23214285714285715 
0.11926605504587157 0.30275229357798167 0.21100917431192662 0.25688073394495414 0.11009174311926606 
0.21428571428571427 0.14285714285714285 0.14285714285714285 0.14285714285714285 0.35714285714285715 
0.23214285714285715 0.17857142857142858 0.17857142857142858 0.19642857142857142 0.21428571428571427 
0.21428571428571427 0.17857142857142858 0.21428571428571427 0.21428571428571427 0.17857142857142858 
0.17857142857142858 0.17857142857142858 0.21428571428571427 0.17857142857142858 0.25 
0.20689655172413793 0.1724137931034483 0.1724137931034483 0.1724137931034483 0.27586206896551724 
0.171875 0.15625 0.28125 0.234375 0.15625 
0.21428571428571427 0.17857142857142858 0.21428571428571427 0.21428571428571427 0.17857142857142858 
0.18181818181818182 0.2727272727272727 0.18181818181818182 0.18181818181818182 0.18181818181818182 
0.21428571428571427 0.17857142857142858 0.19642857142857142 0.23214285714285715 0.17857142857142858 
0.25862068965517243 0.1724137931034483 0.1724137931034483 0.1724137931034483 0.22413793103448276 
0.16393442622950818 0.2786885245901639 0.19672131147540983 0.19672131147540983 0.16393442622950818 
0.17543859649122806 0.2631578947368421 0.19298245614035087 0.19298245614035087 0.17543859649122806 
0.17857142857142858 0.26785714285714285 0.17857142857142858 0.19642857142857142 0.17857142857142858 
0.18032786885245902 0.18032786885245902 0.18032786885245902 0.2786885245901639 0.18032786885245902 
0.18181818181818182 0.23636363636363636 0.21818181818181817 0.18181818181818182 0.18181818181818182 
0.2545454545454545 0.18181818181818182 0.18181818181818182 0.18181818181818182 0.2 
0.16923076923076924 0.2153846153846154 0.23076923076923078 0.23076923076923078 0.15384615384615385 
0.21818181818181817 0.18181818181818182 0.21818181818181817 0.2 0.18181818181818182 
0.17543859649122806 0.17543859649122806 0.24561403508771928 0.22807017543859648 0.17543859649122806 
0.1864406779661017 0.2033898305084746 0.23728813559322035 0.1694915254237288 0.2033898305084746 
0.18181818181818182 0.16666666666666666 0.21212121212121213 0.2727272727272727 0.16666666666666666 
0.2545454545454545 0.18181818181818182 0.18181818181818182 0.18181818181818182 0.2 
0.21818181818181817 0.18181818181818182 0.21818181818181817 0.2 0.18181818181818182 
0.17857142857142858 0.2857142857142857 0.17857142857142858 0.17857142857142858 0.17857142857142858 
0.2191780821917808 0.1643835616438356 0.2191780821917808 0.2328767123287671 0.1643835616438356 
0.17857142857142858 0.17857142857142858 0.17857142857142858 0.19642857142857142 0.26785714285714285 
0.16129032258064516 0.1774193548387097 0.16129032258064516 0.16129032258064516 0.3387096774193548 
0.16666666666666666 0.18333333333333332 0.23333333333333334 0.23333333333333334 0.18333333333333332 
0.2 0.2 0.2 0.18181818181818182 0.21818181818181817 
0.17857142857142858 0.17857142857142858 0.17857142857142858 0.19642857142857142 0.26785714285714285 
0.1694915254237288 0.1864406779661017 0.3050847457627119 0.1694915254237288 0.1694915254237288 
0.18181818181818182 0.2 0.21818181818181817 0.21818181818181817 0.18181818181818182 
0.21428571428571427 0.17857142857142858 0.17857142857142858 0.21428571428571427 0.21428571428571427 
0.16129032258064516 0.22580645161290322 0.22580645161290322 0.20967741935483872 0.1774193548387097 
0.17543859649122806 0.17543859649122806 0.22807017543859648 0.21052631578947367 0.21052631578947367 
0.23214285714285715 0.19642857142857142 0.19642857142857142 0.17857142857142858 0.19642857142857142 
