0.1746031746031746 0.1746031746031746 0.31746031746031744 0.15873015873015872 0.1746031746031746 
0.2 0.18181818181818182 0.2545454545454545 0.18181818181818182 0.18181818181818182 
0.17543859649122806 0.21052631578947367 0.21052631578947367 0.22807017543859648 0.17543859649122806 
0.1864406779661017 0.1864406779661017 0.2033898305084746 0.2033898305084746 0.22033898305084745 
0.2 0.23333333333333334 0.21666666666666667 0.18333333333333332 0.16666666666666666 
0.2 0.18181818181818182 0.2 0.18181818181818182 0.23636363636363636 
0.1694915254237288 0.1694915254237288 0.2711864406779661 0.2033898305084746 0.1864406779661017 
0.1794871794871795 0.14102564102564102 0.20512820512820512 0.14102564102564102 0.3333333333333333 
0.1694915254237288 0.3050847457627119 0.1864406779661017 0.1694915254237288 0.1694915254237288 
0.1694915254237288 0.1694915254237288 0.1864406779661017 0.23728813559322035 0.23728813559322035 
0.1724137931034483 0.1896551724137931 0.22413793103448276 0.2413793103448276 0.1724137931034483 
0.2545454545454545 0.18181818181818182 0.18181818181818182 0.2 0.18181818181818182 
0.23636363636363636 0.18181818181818182 0.18181818181818182 0.18181818181818182 0.21818181818181817 
0.19642857142857142 0.17857142857142858 0.19642857142857142 0.17857142857142858 0.25 
0.15384615384615385 0.16923076923076924 0.16923076923076924 0.16923076923076924 0.3384615384615385 
0.15942028985507245 0.17391304347826086 0.18840579710144928 0.3188405797101449 0.15942028985507245 
0.2 0.2 0.2 0.18181818181818182 0.21818181818181817 
0.21428571428571427 0.18571428571428572 0.24285714285714285 0.15714285714285714 0.2 
0.18181818181818182 0.21818181818181817 0.2 0.21818181818181817 0.18181818181818182 
0.17543859649122806 0.19298245614035087 0.24561403508771928 0.21052631578947367 0.17543859649122806 
0.1896551724137931 0.1896551724137931 0.2413793103448276 0.1724137931034483 0.20689655172413793 
0.19298245614035087 0.17543859649122806 0.19298245614035087 0.21052631578947367 0.22807017543859648 
0.18181818181818182 0.2545454545454545 0.18181818181818182 0.2 0.18181818181818182 
0.17857142857142858 0.17857142857142858 0.2857142857142857 0.17857142857142858 0.17857142857142858 
0.41379310344827586 0.12643678160919541 0.11494252873563218 0.1724137931034483 0.1724137931034483 
0.21428571428571427 0.17857142857142858 0.19642857142857142 0.19642857142857142 0.21428571428571427 
0.17543859649122806 0.17543859649122806 0.19298245614035087 0.2807017543859649 0.17543859649122806 
0.22950819672131148 0.16393442622950818 0.16393442622950818 0.16393442622950818 0.2786885245901639 
0.18333333333333332 0.16666666666666666 0.18333333333333332 0.16666666666666666 0.3 
0.1864406779661017 0.1864406779661017 0.2711864406779661 0.1694915254237288 0.1864406779661017 
0.1896551724137931 0.2413793103448276 0.20689655172413793 0.1896551724137931 0.1724137931034483 
0.25 0.16666666666666666 0.16666666666666666 0.16666666666666666 0.25 
0.18181818181818182 0.18181818181818182 0.23636363636363636 0.2 0.2 
0.19642857142857142 0.19642857142857142 0.23214285714285715 0.19642857142857142 0.17857142857142858 
0.22807017543859648 0.19298245614035087 0.21052631578947367 0.19298245614035087 0.17543859649122806 
0.17857142857142858 0.17857142857142858 0.17857142857142858 0.19642857142857142 0.26785714285714285 
0.19642857142857142 0.21428571428571427 0.21428571428571427 0.17857142857142858 0.19642857142857142 
0.21428571428571427 0.19642857142857142 0.19642857142857142 0.21428571428571427 0.17857142857142858 
0.17543859649122806 0.2807017543859649 0.19298245614035087 0.17543859649122806 0.17543859649122806 
0.15873015873015872 0.2222222222222222 0.2222222222222222 0.23809523809523808 0.15873015873015872 
0.17857142857142858 0.19642857142857142 0.21428571428571427 0.23214285714285715 0.17857142857142858 
0.3076923076923077 0.09615384615384616 0.09615384615384616 0.125 0.375 
0.20098039215686275 0.06862745098039216 0.10784313725490197 0.10784313725490197 0.5147058823529411 
0.19298245614035087 0.17543859649122806 0.17543859649122806 0.17543859649122806 0.2807017543859649 
0.18181818181818182 0.2545454545454545 0.2 0.18181818181818182 0.18181818181818182 
0.21818181818181817 0.18181818181818182 0.2 0.2 0.2 
0.18032786885245902 0.18032786885245902 0.18032786885245902 0.26229508196721313 0.19672131147540983 
0.16666666666666666 0.23333333333333334 0.21666666666666667 0.16666666666666666 0.21666666666666667 
0.18333333333333332 0.16666666666666666 0.21666666666666667 0.18333333333333332 0.25 
0.1724137931034483 0.1896551724137931 0.1896551724137931 0.27586206896551724 0.1724137931034483 
0.17857142857142858 0.17857142857142858 0.25 0.19642857142857142 0.19642857142857142 
0.17543859649122806 0.24561403508771928 0.21052631578947367 0.19298245614035087 0.17543859649122806 
0.21428571428571427 0.17857142857142858 0.21428571428571427 0.21428571428571427 0.17857142857142858 
0.21428571428571427 0.17857142857142858 0.21428571428571427 0.19642857142857142 0.19642857142857142 
0.21311475409836064 0.16393442622950818 0.22950819672131148 0.21311475409836064 0.18032786885245902 
0.17543859649122806 0.22807017543859648 0.19298245614035087 0.22807017543859648 0.17543859649122806 
0.19642857142857142 0.17857142857142858 0.21428571428571427 0.19642857142857142 0.21428571428571427 
0.2 0.18181818181818182 0.23636363636363636 0.2 0.18181818181818182 
0.16129032258064516 0.16129032258064516 0.3225806451612903 0.1774193548387097 0.1774193548387097 
0.25 0.17857142857142858 0.17857142857142858 0.19642857142857142 0.19642857142857142 
0.21875 0.171875 0.25 0.203125 0.15625 
0.2 0.23636363636363636 0.2 0.18181818181818182 0.18181818181818182 
0.17857142857142858 0.19642857142857142 0.17857142857142858 0.23214285714285715 0.21428571428571427 
0.2807017543859649 0.17543859649122806 0.17543859649122806 0.19298245614035087 0.17543859649122806 
0.2 0.18181818181818182 0.18181818181818182 0.23636363636363636 0.2 
0.3188405797101449 0.14492753623188406 0.18840579710144928 0.2028985507246377 0.14492753623188406 
0.2 0.23636363636363636 0.18181818181818182 0.2 0.18181818181818182 
0.31666666666666665 0.16666666666666666 0.16666666666666666 0.16666666666666666 0.18333333333333332 
0.1694915254237288 0.3050847457627119 0.1864406779661017 0.1694915254237288 0.1694915254237288 
0.23214285714285715 0.17857142857142858 0.17857142857142858 0.17857142857142858 0.23214285714285715 
0.17857142857142858 0.25 0.21428571428571427 0.17857142857142858 0.17857142857142858 
0.21428571428571427 0.17857142857142858 0.17857142857142858 0.23214285714285715 0.19642857142857142 
0.19642857142857142 0.21428571428571427 0.19642857142857142 0.21428571428571427 0.17857142857142858 
0.17543859649122806 0.22807017543859648 0.17543859649122806 0.17543859649122806 0.24561403508771928 
0.16666666666666666 0.2833333333333333 0.2 0.16666666666666666 0.18333333333333332 
0.2 0.2 0.2 0.2 0.2 
0.18181818181818182 0.18181818181818182 0.18181818181818182 0.18181818181818182 0.2727272727272727 
0.17543859649122806 0.17543859649122806 0.2631578947368421 0.21052631578947367 0.17543859649122806 
0.1694915254237288 0.2711864406779661 0.2033898305084746 0.1864406779661017 0.1694915254237288 
0.2857142857142857 0.14285714285714285 0.14285714285714285 0.15714285714285714 0.2714285714285714 
0.19642857142857142 0.21428571428571427 0.19642857142857142 0.19642857142857142 0.19642857142857142 
0.2 0.2 0.2 0.21818181818181817 0.18181818181818182 
0.16393442622950818 0.21311475409836064 0.19672131147540983 0.26229508196721313 0.16393442622950818 
0.19047619047619047 0.1746031746031746 0.19047619047619047 0.15873015873015872 0.2857142857142857 
0.17857142857142858 0.26785714285714285 0.17857142857142858 0.19642857142857142 0.17857142857142858 
0.16129032258064516 0.3064516129032258 0.1935483870967742 0.1774193548387097 0.16129032258064516 
0.21818181818181817 0.18181818181818182 0.18181818181818182 0.18181818181818182 0.23636363636363636 
0.21818181818181817 0.18181818181818182 0.2 0.21818181818181817 0.18181818181818182 
0.2807017543859649 0.17543859649122806 0.19298245614035087 0.17543859649122806 0.17543859649122806 
0.21875 0.203125 0.203125 0.171875 0.203125 
0.29310344827586204 0.1724137931034483 0.1724137931034483 0.1724137931034483 0.1896551724137931 
0.21052631578947367 0.19298245614035087 0.17543859649122806 0.24561403508771928 0.17543859649122806 
0.2033898305084746 0.1864406779661017 0.1864406779661017 0.1864406779661017 0.23728813559322035 
0.17543859649122806 0.17543859649122806 0.2631578947368421 0.21052631578947367 0.17543859649122806 
0.19642857142857142 0.17857142857142858 0.26785714285714285 0.17857142857142858 0.17857142857142858 
0.19230769230769232 0.19230769230769232 0.2564102564102564 0.23076923076923078 0.1282051282051282 
0.1896551724137931 0.1724137931034483 0.1724137931034483 0.29310344827586204 0.1724137931034483 
0.2631578947368421 0.17543859649122806 0.21052631578947367 0.17543859649122806 0.17543859649122806 
0.18181818181818182 0.2545454545454545 0.2 0.18181818181818182 0.18181818181818182 
0.21052631578947367 0.17543859649122806 0.21052631578947367 0.21052631578947367 0.19298245614035087 
0.20967741935483872 0.16129032258064516 0.20967741935483872 0.25806451612903225 0.16129032258064516 
0.18181818181818182 0.2545454545454545 0.2 0.18181818181818182 0.18181818181818182 
0.18181818181818182 0.21818181818181817 0.21818181818181817 0.2 0.18181818181818182 
0.34375 0.15625 0.15625 0.15625 0.1875 
0.15873015873015872 0.2222222222222222 0.23809523809523808 0.2222222222222222 0.15873015873015872 
0.19672131147540983 0.16393442622950818 0.18032786885245902 0.16393442622950818 0.29508196721311475 
0.23636363636363636 0.18181818181818182 0.2 0.18181818181818182 0.2 
0.17857142857142858 0.21428571428571427 0.23214285714285715 0.17857142857142858 0.19642857142857142 
0.17543859649122806 0.2807017543859649 0.17543859649122806 0.17543859649122806 0.19298245614035087 
0.21818181818181817 0.18181818181818182 0.21818181818181817 0.2 0.18181818181818182 
0.16393442622950818 0.18032786885245902 0.3114754098360656 0.18032786885245902 0.16393442622950818 
0.20967741935483872 0.16129032258064516 0.16129032258064516 0.1774193548387097 0.2903225806451613 
0.2 0.23636363636363636 0.2 0.18181818181818182 0.18181818181818182 
0.19298245614035087 0.19298245614035087 0.21052631578947367 0.21052631578947367 0.19298245614035087 
0.20512820512820512 0.14102564102564102 0.1794871794871795 0.20512820512820512 0.2692307692307692 
0.17857142857142858 0.19642857142857142 0.19642857142857142 0.25 0.17857142857142858 
0.18181818181818182 0.23636363636363636 0.2 0.2 0.18181818181818182 
0.10679611650485436 0.5533980582524272 0.10679611650485436 0.10679611650485436 0.1262135922330097 
0.19672131147540983 0.16393442622950818 0.18032786885245902 0.29508196721311475 0.16393442622950818 
0.2545454545454545 0.18181818181818182 0.2 0.18181818181818182 0.18181818181818182 
0.17857142857142858 0.19642857142857142 0.23214285714285715 0.21428571428571427 0.17857142857142858 
0.18181818181818182 0.21818181818181817 0.21818181818181817 0.18181818181818182 0.2 
0.1724137931034483 0.1896551724137931 0.25862068965517243 0.20689655172413793 0.1724137931034483 
0.2 0.18181818181818182 0.18181818181818182 0.18181818181818182 0.2545454545454545 
0.24561403508771928 0.17543859649122806 0.17543859649122806 0.22807017543859648 0.17543859649122806 
0.13157894736842105 0.40789473684210525 0.17105263157894737 0.15789473684210525 0.13157894736842105 
0.17543859649122806 0.2631578947368421 0.19298245614035087 0.19298245614035087 0.17543859649122806 
0.18181818181818182 0.21818181818181817 0.2 0.21818181818181817 0.18181818181818182 
0.3 0.16666666666666666 0.16666666666666666 0.18333333333333332 0.18333333333333332 
0.16129032258064516 0.1935483870967742 0.2903225806451613 0.1774193548387097 0.1774193548387097 
0.21428571428571427 0.21428571428571427 0.17857142857142858 0.17857142857142858 0.21428571428571427 
0.21428571428571427 0.17857142857142858 0.21428571428571427 0.19642857142857142 0.19642857142857142 
0.208955223880597 0.14925373134328357 0.208955223880597 0.2537313432835821 0.1791044776119403 
0.17857142857142858 0.23214285714285715 0.21428571428571427 0.19642857142857142 0.17857142857142858 
0.18181818181818182 0.23636363636363636 0.18181818181818182 0.21818181818181817 0.18181818181818182 
0.18181818181818182 0.21818181818181817 0.21818181818181817 0.2 0.18181818181818182 
0.19298245614035087 0.2631578947368421 0.17543859649122806 0.17543859649122806 0.19298245614035087 
0.18333333333333332 0.21666666666666667 0.26666666666666666 0.16666666666666666 0.16666666666666666 
0.18181818181818182 0.21818181818181817 0.2 0.2 0.2 
0.19298245614035087 0.21052631578947367 0.19298245614035087 0.19298245614035087 0.21052631578947367 
0.14705882352941177 0.14705882352941177 0.35294117647058826 0.14705882352941177 0.20588235294117646 
0.16417910447761194 0.14925373134328357 0.16417910447761194 0.22388059701492538 0.29850746268656714 
0.2 0.18181818181818182 0.2 0.18181818181818182 0.23636363636363636 
0.17391304347826086 0.3333333333333333 0.14492753623188406 0.2028985507246377 0.14492753623188406 
0.15 0.125 0.125 0.125 0.475 
0.23636363636363636 0.18181818181818182 0.18181818181818182 0.18181818181818182 0.21818181818181817 
0.18181818181818182 0.18181818181818182 0.18181818181818182 0.2 0.2545454545454545 
0.21428571428571427 0.17857142857142858 0.17857142857142858 0.19642857142857142 0.23214285714285715 
0.23214285714285715 0.17857142857142858 0.17857142857142858 0.17857142857142858 0.23214285714285715 
0.16129032258064516 0.22580645161290322 0.2903225806451613 0.16129032258064516 0.16129032258064516 
0.26785714285714285 0.17857142857142858 0.17857142857142858 0.17857142857142858 0.19642857142857142 
0.23214285714285715 0.17857142857142858 0.17857142857142858 0.19642857142857142 0.21428571428571427 
0.20967741935483872 0.20967741935483872 0.1935483870967742 0.22580645161290322 0.16129032258064516 
0.24647887323943662 0.176056338028169 0.19718309859154928 0.19014084507042253 0.19014084507042253 
0.14285714285714285 0.32857142857142857 0.18571428571428572 0.2 0.14285714285714285 
0.20689655172413793 0.1896551724137931 0.25862068965517243 0.1724137931034483 0.1724137931034483 
0.16393442622950818 0.16393442622950818 0.26229508196721313 0.16393442622950818 0.2459016393442623 
0.14492753623188406 0.2898550724637681 0.17391304347826086 0.21739130434782608 0.17391304347826086 
0.2 0.2 0.2 0.21818181818181817 0.18181818181818182 
0.21818181818181817 0.18181818181818182 0.21818181818181817 0.18181818181818182 0.2 
0.17857142857142858 0.26785714285714285 0.17857142857142858 0.19642857142857142 0.17857142857142858 
0.18181818181818182 0.2 0.18181818181818182 0.2545454545454545 0.18181818181818182 
0.16666666666666666 0.16666666666666666 0.16666666666666666 0.16666666666666666 0.3333333333333333 
0.1694915254237288 0.2033898305084746 0.1864406779661017 0.2711864406779661 0.1694915254237288 
0.2 0.18181818181818182 0.18181818181818182 0.18181818181818182 0.2545454545454545 
0.18181818181818182 0.21818181818181817 0.21818181818181817 0.2 0.18181818181818182 
0.18181818181818182 0.23636363636363636 0.18181818181818182 0.2 0.2 
0.21818181818181817 0.18181818181818182 0.18181818181818182 0.18181818181818182 0.23636363636363636 
0.1774193548387097 0.25806451612903225 0.1774193548387097 0.22580645161290322 0.16129032258064516 
0.21428571428571427 0.17857142857142858 0.17857142857142858 0.19642857142857142 0.23214285714285715 
0.19642857142857142 0.21428571428571427 0.19642857142857142 0.21428571428571427 0.17857142857142858 
0.18181818181818182 0.2 0.18181818181818182 0.18181818181818182 0.2545454545454545 
0.1864406779661017 0.1694915254237288 0.2033898305084746 0.1864406779661017 0.2542372881355932 
0.18181818181818182 0.23636363636363636 0.18181818181818182 0.21818181818181817 0.18181818181818182 
0.22580645161290322 0.1774193548387097 0.1774193548387097 0.16129032258064516 0.25806451612903225 
0.16666666666666666 0.15151515151515152 0.24242424242424243 0.25757575757575757 0.18181818181818182 
0.14492753623188406 0.14492753623188406 0.4057971014492754 0.15942028985507245 0.14492753623188406 
0.21052631578947367 0.17543859649122806 0.21052631578947367 0.17543859649122806 0.22807017543859648 
0.16666666666666666 0.15151515151515152 0.36363636363636365 0.16666666666666666 0.15151515151515152 
0.19642857142857142 0.26785714285714285 0.17857142857142858 0.17857142857142858 0.17857142857142858 
0.2191780821917808 0.2054794520547945 0.1643835616438356 0.1506849315068493 0.2602739726027397 
0.23636363636363636 0.18181818181818182 0.21818181818181817 0.18181818181818182 0.18181818181818182 
0.2072072072072072 0.10810810810810811 0.1891891891891892 0.0990990990990991 0.3963963963963964 
0.17857142857142858 0.17857142857142858 0.23214285714285715 0.23214285714285715 0.17857142857142858 
0.17543859649122806 0.17543859649122806 0.17543859649122806 0.17543859649122806 0.2982456140350877 
0.17857142857142858 0.25 0.17857142857142858 0.21428571428571427 0.17857142857142858 
0.19642857142857142 0.23214285714285715 0.19642857142857142 0.19642857142857142 0.17857142857142858 
0.1694915254237288 0.1694915254237288 0.1694915254237288 0.1694915254237288 0.3220338983050847 
0.22807017543859648 0.19298245614035087 0.21052631578947367 0.17543859649122806 0.19298245614035087 
0.1724137931034483 0.29310344827586204 0.1724137931034483 0.1896551724137931 0.1724137931034483 
0.21052631578947367 0.17543859649122806 0.22807017543859648 0.17543859649122806 0.21052631578947367 
0.19298245614035087 0.17543859649122806 0.19298245614035087 0.17543859649122806 0.2631578947368421 
0.1791044776119403 0.16417910447761194 0.22388059701492538 0.2835820895522388 0.14925373134328357 
0.13333333333333333 0.18888888888888888 0.23333333333333334 0.23333333333333334 0.2111111111111111 
0.21052631578947367 0.17543859649122806 0.19298245614035087 0.24561403508771928 0.17543859649122806 
0.24242424242424243 0.15151515151515152 0.18181818181818182 0.24242424242424243 0.18181818181818182 
0.21428571428571427 0.19642857142857142 0.19642857142857142 0.21428571428571427 0.17857142857142858 
0.17543859649122806 0.22807017543859648 0.19298245614035087 0.22807017543859648 0.17543859649122806 
0.18181818181818182 0.18181818181818182 0.18181818181818182 0.18181818181818182 0.2727272727272727 
0.16393442622950818 0.18032786885245902 0.29508196721311475 0.19672131147540983 0.16393442622950818 
0.2542372881355932 0.1864406779661017 0.1694915254237288 0.1694915254237288 0.22033898305084745 
0.15151515151515152 0.3484848484848485 0.15151515151515152 0.16666666666666666 0.18181818181818182 
0.17857142857142858 0.17857142857142858 0.23214285714285715 0.23214285714285715 0.17857142857142858 
0.16393442622950818 0.22950819672131148 0.22950819672131148 0.16393442622950818 0.21311475409836064 
0.20689655172413793 0.1724137931034483 0.20689655172413793 0.2413793103448276 0.1724137931034483 
0.1896551724137931 0.1724137931034483 0.1724137931034483 0.27586206896551724 0.1896551724137931 
0.18181818181818182 0.2545454545454545 0.2 0.18181818181818182 0.18181818181818182 
0.2537313432835821 0.23880597014925373 0.16417910447761194 0.16417910447761194 0.1791044776119403 
0.22807017543859648 0.17543859649122806 0.22807017543859648 0.19298245614035087 0.17543859649122806 
0.2 0.23636363636363636 0.18181818181818182 0.18181818181818182 0.2 
0.17543859649122806 0.17543859649122806 0.19298245614035087 0.2807017543859649 0.17543859649122806 
0.17543859649122806 0.2807017543859649 0.17543859649122806 0.19298245614035087 0.17543859649122806 
0.1694915254237288 0.2711864406779661 0.1864406779661017 0.2033898305084746 0.1694915254237288 
0.19642857142857142 0.23214285714285715 0.21428571428571427 0.17857142857142858 0.17857142857142858 
0.21428571428571427 0.19642857142857142 0.21428571428571427 0.17857142857142858 0.19642857142857142 
0.1864406779661017 0.1694915254237288 0.1694915254237288 0.1694915254237288 0.3050847457627119 
0.2413793103448276 0.1724137931034483 0.20689655172413793 0.20689655172413793 0.1724137931034483 
0.18181818181818182 0.18181818181818182 0.23636363636363636 0.2 0.2 
0.2222222222222222 0.1388888888888889 0.2777777777777778 0.20833333333333334 0.1527777777777778 
0.17857142857142858 0.23214285714285715 0.19642857142857142 0.17857142857142858 0.21428571428571427 
0.3333333333333333 0.15873015873015872 0.1746031746031746 0.15873015873015872 0.1746031746031746 
0.18181818181818182 0.18181818181818182 0.2 0.2 0.23636363636363636 
0.22413793103448276 0.22413793103448276 0.1896551724137931 0.1896551724137931 0.1724137931034483 
0.2545454545454545 0.18181818181818182 0.18181818181818182 0.18181818181818182 0.2 
0.17857142857142858 0.19642857142857142 0.19642857142857142 0.17857142857142858 0.25 
0.23214285714285715 0.17857142857142858 0.17857142857142858 0.19642857142857142 0.21428571428571427 
0.18181818181818182 0.2727272727272727 0.18181818181818182 0.18181818181818182 0.18181818181818182 
0.17857142857142858 0.19642857142857142 0.19642857142857142 0.25 0.17857142857142858 
0.17857142857142858 0.25 0.17857142857142858 0.21428571428571427 0.17857142857142858 
0.17857142857142858 0.23214285714285715 0.21428571428571427 0.19642857142857142 0.17857142857142858 
0.19642857142857142 0.19642857142857142 0.19642857142857142 0.23214285714285715 0.17857142857142858 
0.14285714285714285 0.22857142857142856 0.2571428571428571 0.22857142857142856 0.14285714285714285 
0.20588235294117646 0.14705882352941177 0.19117647058823528 0.19117647058823528 0.2647058823529412 
0.17857142857142858 0.17857142857142858 0.17857142857142858 0.2857142857142857 0.17857142857142858 
0.18181818181818182 0.21818181818181817 0.21818181818181817 0.2 0.18181818181818182 
0.2711864406779661 0.1864406779661017 0.1694915254237288 0.1694915254237288 0.2033898305084746 
0.23636363636363636 0.18181818181818182 0.18181818181818182 0.21818181818181817 0.18181818181818182 
0.2413793103448276 0.1724137931034483 0.1724137931034483 0.1896551724137931 0.22413793103448276 
0.2976190476190476 0.14285714285714285 0.14285714285714285 0.17857142857142858 0.23809523809523808 
0.1724137931034483 0.3103448275862069 0.1724137931034483 0.1724137931034483 0.1724137931034483 
0.2857142857142857 0.17857142857142858 0.17857142857142858 0.17857142857142858 0.17857142857142858 
0.25675675675675674 0.13513513513513514 0.21621621621621623 0.17567567567567569 0.21621621621621623 
0.14492753623188406 0.391304347826087 0.17391304347826086 0.14492753623188406 0.14492753623188406 
0.18181818181818182 0.18181818181818182 0.21818181818181817 0.23636363636363636 0.18181818181818182 
0.23529411764705882 0.20588235294117646 0.16176470588235295 0.20588235294117646 0.19117647058823528 
0.18181818181818182 0.18181818181818182 0.23636363636363636 0.18181818181818182 0.21818181818181817 
0.16129032258064516 0.3064516129032258 0.1774193548387097 0.1935483870967742 0.16129032258064516 
0.19047619047619047 0.23809523809523808 0.15873015873015872 0.25396825396825395 0.15873015873015872 
0.18181818181818182 0.2545454545454545 0.18181818181818182 0.2 0.18181818181818182 
0.21052631578947367 0.17543859649122806 0.19298245614035087 0.24561403508771928 0.17543859649122806 
0.23636363636363636 0.18181818181818182 0.18181818181818182 0.2 0.2 
0.18181818181818182 0.2 0.21818181818181817 0.21818181818181817 0.18181818181818182 
0.2542372881355932 0.1694915254237288 0.22033898305084745 0.1864406779661017 0.1694915254237288 
0.22807017543859648 0.22807017543859648 0.19298245614035087 0.17543859649122806 0.17543859649122806 
0.20689655172413793 0.1724137931034483 0.20689655172413793 0.1724137931034483 0.2413793103448276 
0.21052631578947367 0.17543859649122806 0.17543859649122806 0.22807017543859648 0.21052631578947367 
0.21818181818181817 0.18181818181818182 0.2 0.21818181818181817 0.18181818181818182 
0.22388059701492538 0.14925373134328357 0.1791044776119403 0.1791044776119403 0.26865671641791045 
0.18181818181818182 0.2727272727272727 0.18181818181818182 0.18181818181818182 0.18181818181818182 
0.22807017543859648 0.17543859649122806 0.19298245614035087 0.22807017543859648 0.17543859649122806 
0.21052631578947367 0.17543859649122806 0.19298245614035087 0.21052631578947367 0.21052631578947367 
0.2545454545454545 0.18181818181818182 0.18181818181818182 0.18181818181818182 0.2 
0.18840579710144928 0.18840579710144928 0.17391304347826086 0.2608695652173913 0.18840579710144928 
0.1694915254237288 0.288135593220339 0.1694915254237288 0.2033898305084746 0.1694915254237288 
0.2807017543859649 0.17543859649122806 0.17543859649122806 0.17543859649122806 0.19298245614035087 
0.19672131147540983 0.29508196721311475 0.18032786885245902 0.16393442622950818 0.16393442622950818 
0.1694915254237288 0.3050847457627119 0.1694915254237288 0.1694915254237288 0.1864406779661017 
0.18181818181818182 0.2 0.23636363636363636 0.2 0.18181818181818182 
0.17857142857142858 0.17857142857142858 0.17857142857142858 0.17857142857142858 0.2857142857142857 
0.20689655172413793 0.1724137931034483 0.1896551724137931 0.25862068965517243 0.1724137931034483 
0.19642857142857142 0.19642857142857142 0.21428571428571427 0.19642857142857142 0.19642857142857142 
0.15384615384615385 0.18461538461538463 0.26153846153846155 0.15384615384615385 0.24615384615384617 
0.1694915254237288 0.2542372881355932 0.1864406779661017 0.22033898305084745 0.1694915254237288 
0.1875 0.171875 0.296875 0.1875 0.15625 
0.21311475409836064 0.16393442622950818 0.16393442622950818 0.19672131147540983 0.26229508196721313 
0.18181818181818182 0.21818181818181817 0.18181818181818182 0.23636363636363636 0.18181818181818182 
0.18181818181818182 0.18181818181818182 0.2 0.21818181818181817 0.21818181818181817 
0.19642857142857142 0.23214285714285715 0.17857142857142858 0.19642857142857142 0.19642857142857142 
0.2 0.18181818181818182 0.23636363636363636 0.18181818181818182 0.2 
0.16393442622950818 0.16393442622950818 0.18032786885245902 0.16393442622950818 0.32786885245901637 
0.1864406779661017 0.1864406779661017 0.23728813559322035 0.22033898305084745 0.1694915254237288 
0.19642857142857142 0.17857142857142858 0.19642857142857142 0.25 0.17857142857142858 
0.17543859649122806 0.21052631578947367 0.21052631578947367 0.22807017543859648 0.17543859649122806 
0.17857142857142858 0.19642857142857142 0.25 0.19642857142857142 0.17857142857142858 
0.16923076923076924 0.16923076923076924 0.16923076923076924 0.16923076923076924 0.3230769230769231 
0.18181818181818182 0.2545454545454545 0.2 0.18181818181818182 0.18181818181818182 
0.21052631578947367 0.17543859649122806 0.17543859649122806 0.17543859649122806 0.2631578947368421 
0.22033898305084745 0.1694915254237288 0.2033898305084746 0.2033898305084746 0.2033898305084746 
0.18333333333333332 0.16666666666666666 0.16666666666666666 0.16666666666666666 0.31666666666666665 
0.19642857142857142 0.19642857142857142 0.19642857142857142 0.17857142857142858 0.23214285714285715 
0.3235294117647059 0.17647058823529413 0.16176470588235295 0.17647058823529413 0.16176470588235295 
0.21818181818181817 0.18181818181818182 0.21818181818181817 0.2 0.18181818181818182 
0.17857142857142858 0.26785714285714285 0.17857142857142858 0.19642857142857142 0.17857142857142858 
0.2 0.18181818181818182 0.23636363636363636 0.2 0.18181818181818182 
0.18181818181818182 0.2 0.18181818181818182 0.2545454545454545 0.18181818181818182 
0.18181818181818182 0.2 0.23636363636363636 0.2 0.18181818181818182 
0.2982456140350877 0.17543859649122806 0.17543859649122806 0.17543859649122806 0.17543859649122806 
0.2 0.18181818181818182 0.2 0.21818181818181817 0.2 
0.18181818181818182 0.18181818181818182 0.23636363636363636 0.21818181818181817 0.18181818181818182 
0.21428571428571427 0.19642857142857142 0.21428571428571427 0.19642857142857142 0.17857142857142858 
0.19642857142857142 0.19642857142857142 0.17857142857142858 0.25 0.17857142857142858 
0.16666666666666666 0.16666666666666666 0.26666666666666666 0.23333333333333334 0.16666666666666666 
0.17543859649122806 0.22807017543859648 0.22807017543859648 0.17543859649122806 0.19298245614035087 
0.18181818181818182 0.2 0.18181818181818182 0.2545454545454545 0.18181818181818182 
0.18181818181818182 0.23636363636363636 0.18181818181818182 0.21818181818181817 0.18181818181818182 
0.18181818181818182 0.18181818181818182 0.21818181818181817 0.23636363636363636 0.18181818181818182 
0.19696969696969696 0.15151515151515152 0.30303030303030304 0.16666666666666666 0.18181818181818182 
0.18181818181818182 0.18181818181818182 0.18181818181818182 0.18181818181818182 0.2727272727272727 
0.2 0.15384615384615385 0.16923076923076924 0.16923076923076924 0.3076923076923077 
0.22807017543859648 0.17543859649122806 0.17543859649122806 0.17543859649122806 0.24561403508771928 
0.16129032258064516 0.3387096774193548 0.16129032258064516 0.1774193548387097 0.16129032258064516 
0.22580645161290322 0.16129032258064516 0.16129032258064516 0.16129032258064516 0.2903225806451613 
0.23636363636363636 0.18181818181818182 0.18181818181818182 0.18181818181818182 0.21818181818181817 
0.19642857142857142 0.21428571428571427 0.17857142857142858 0.21428571428571427 0.19642857142857142 
0.21818181818181817 0.18181818181818182 0.2 0.18181818181818182 0.21818181818181817 
0.1896551724137931 0.20689655172413793 0.25862068965517243 0.1724137931034483 0.1724137931034483 
0.1791044776119403 0.2835820895522388 0.16417910447761194 0.208955223880597 0.16417910447761194 
0.25 0.16666666666666666 0.2 0.21666666666666667 0.16666666666666666 
0.25 0.18333333333333332 0.2 0.18333333333333332 0.18333333333333332 
0.2 0.18181818181818182 0.21818181818181817 0.21818181818181817 0.18181818181818182 
0.35064935064935066 0.14285714285714285 0.12987012987012986 0.18181818181818182 0.19480519480519481 
0.2 0.18181818181818182 0.18181818181818182 0.18181818181818182 0.2545454545454545 
0.21428571428571427 0.17857142857142858 0.21428571428571427 0.19642857142857142 0.19642857142857142 
0.18181818181818182 0.2 0.2545454545454545 0.18181818181818182 0.18181818181818182 
0.18181818181818182 0.18181818181818182 0.18181818181818182 0.2 0.2545454545454545 
0.2 0.2 0.23636363636363636 0.18181818181818182 0.18181818181818182 
0.1896551724137931 0.1724137931034483 0.22413793103448276 0.2413793103448276 0.1724137931034483 
0.2328767123287671 0.136986301369863 0.2328767123287671 0.2602739726027397 0.136986301369863 
0.1896551724137931 0.1724137931034483 0.1724137931034483 0.1724137931034483 0.29310344827586204 
0.22807017543859648 0.17543859649122806 0.19298245614035087 0.21052631578947367 0.19298245614035087 
0.15625 0.25 0.25 0.1875 0.15625 
0.21428571428571427 0.17857142857142858 0.17857142857142858 0.19642857142857142 0.23214285714285715 
0.18309859154929578 0.14084507042253522 0.18309859154929578 0.352112676056338 0.14084507042253522 
0.17857142857142858 0.19642857142857142 0.25 0.19642857142857142 0.17857142857142858 
0.19642857142857142 0.17857142857142858 0.26785714285714285 0.17857142857142858 0.17857142857142858 
0.2833333333333333 0.16666666666666666 0.16666666666666666 0.21666666666666667 0.16666666666666666 
0.21818181818181817 0.18181818181818182 0.18181818181818182 0.21818181818181817 0.2 
0.1791044776119403 0.2537313432835821 0.16417910447761194 0.19402985074626866 0.208955223880597 
0.21428571428571427 0.19642857142857142 0.19642857142857142 0.19642857142857142 0.19642857142857142 
0.16666666666666666 0.16666666666666666 0.18333333333333332 0.2833333333333333 0.2 
0.21818181818181817 0.18181818181818182 0.21818181818181817 0.18181818181818182 0.2 
0.17857142857142858 0.21428571428571427 0.19642857142857142 0.17857142857142858 0.23214285714285715 
0.2033898305084746 0.1694915254237288 0.1864406779661017 0.1864406779661017 0.2542372881355932 
0.2545454545454545 0.18181818181818182 0.18181818181818182 0.18181818181818182 0.2 
0.1774193548387097 0.16129032258064516 0.1774193548387097 0.3225806451612903 0.16129032258064516 
0.23636363636363636 0.18181818181818182 0.2 0.18181818181818182 0.2 
0.21818181818181817 0.18181818181818182 0.18181818181818182 0.21818181818181817 0.2 
0.2 0.2 0.18181818181818182 0.23636363636363636 0.18181818181818182 
0.18181818181818182 0.2545454545454545 0.18181818181818182 0.2 0.18181818181818182 
0.18181818181818182 0.2727272727272727 0.18181818181818182 0.18181818181818182 0.18181818181818182 
0.15384615384615385 0.24615384615384617 0.27692307692307694 0.16923076923076924 0.15384615384615385 
0.18181818181818182 0.23636363636363636 0.2 0.2 0.18181818181818182 
0.22413793103448276 0.1724137931034483 0.1896551724137931 0.2413793103448276 0.1724137931034483 
0.21818181818181817 0.18181818181818182 0.21818181818181817 0.2 0.18181818181818182 
0.19642857142857142 0.21428571428571427 0.17857142857142858 0.23214285714285715 0.17857142857142858 
0.22950819672131148 0.19672131147540983 0.21311475409836064 0.19672131147540983 0.16393442622950818 
0.18181818181818182 0.2 0.23636363636363636 0.2 0.18181818181818182 
0.2 0.23636363636363636 0.18181818181818182 0.2 0.18181818181818182 
0.1864406779661017 0.1694915254237288 0.3050847457627119 0.1694915254237288 0.1694915254237288 
0.22727272727272727 0.15151515151515152 0.15151515151515152 0.16666666666666666 0.30303030303030304 
0.16666666666666666 0.18333333333333332 0.2833333333333333 0.2 0.16666666666666666 
0.18181818181818182 0.2727272727272727 0.18181818181818182 0.18181818181818182 0.18181818181818182 
0.18181818181818182 0.2 0.2 0.2 0.21818181818181817 
0.21052631578947367 0.17543859649122806 0.24561403508771928 0.17543859649122806 0.19298245614035087 
0.19298245614035087 0.21052631578947367 0.19298245614035087 0.19298245614035087 0.21052631578947367 
0.2459016393442623 0.16393442622950818 0.19672131147540983 0.18032786885245902 0.21311475409836064 
0.2033898305084746 0.1694915254237288 0.2711864406779661 0.1864406779661017 0.1694915254237288 
0.2631578947368421 0.17543859649122806 0.21052631578947367 0.17543859649122806 0.17543859649122806 
0.18181818181818182 0.23636363636363636 0.18181818181818182 0.21818181818181817 0.18181818181818182 
0.1694915254237288 0.288135593220339 0.1694915254237288 0.2033898305084746 0.1694915254237288 
0.2 0.18181818181818182 0.18181818181818182 0.18181818181818182 0.2545454545454545 
0.25 0.17857142857142858 0.17857142857142858 0.21428571428571427 0.17857142857142858 
0.2413793103448276 0.1896551724137931 0.1724137931034483 0.1896551724137931 0.20689655172413793 
0.2 0.2 0.23636363636363636 0.18181818181818182 0.18181818181818182 
0.21818181818181817 0.23636363636363636 0.18181818181818182 0.18181818181818182 0.18181818181818182 
0.18181818181818182 0.23636363636363636 0.2 0.2 0.18181818181818182 
0.17543859649122806 0.21052631578947367 0.24561403508771928 0.19298245614035087 0.17543859649122806 
0.14102564102564102 0.15384615384615385 0.2564102564102564 0.32051282051282054 0.1282051282051282 
0.18181818181818182 0.2545454545454545 0.18181818181818182 0.2 0.18181818181818182 
0.18181818181818182 0.16666666666666666 0.16666666666666666 0.16666666666666666 0.3181818181818182 
0.2 0.2 0.21818181818181817 0.18181818181818182 0.2 
0.18181818181818182 0.2 0.21818181818181817 0.21818181818181817 0.18181818181818182 
0.22807017543859648 0.17543859649122806 0.17543859649122806 0.17543859649122806 0.24561403508771928 
0.19642857142857142 0.19642857142857142 0.25 0.17857142857142858 0.17857142857142858 
0.23809523809523808 0.1746031746031746 0.19047619047619047 0.20634920634920634 0.19047619047619047 
0.1694915254237288 0.3050847457627119 0.1694915254237288 0.1864406779661017 0.1694915254237288 
0.10743801652892562 0.47107438016528924 0.14049586776859505 0.19834710743801653 0.08264462809917356 
0.24242424242424243 0.22727272727272727 0.15151515151515152 0.21212121212121213 0.16666666666666666 
0.2 0.18181818181818182 0.18181818181818182 0.2 0.23636363636363636 
0.25 0.17857142857142858 0.17857142857142858 0.19642857142857142 0.19642857142857142 
0.17543859649122806 0.17543859649122806 0.19298245614035087 0.2807017543859649 0.17543859649122806 
0.2 0.24 0.14666666666666667 0.16666666666666666 0.24666666666666667 
0.2 0.18181818181818182 0.18181818181818182 0.18181818181818182 0.2545454545454545 
0.17857142857142858 0.19642857142857142 0.23214285714285715 0.17857142857142858 0.21428571428571427 
0.25 0.17857142857142858 0.17857142857142858 0.17857142857142858 0.21428571428571427 
0.10091743119266056 0.3119266055045872 0.2018348623853211 0.26605504587155965 0.11926605504587157 
0.2 0.14285714285714285 0.14285714285714285 0.14285714285714285 0.37142857142857144 
0.25 0.19642857142857142 0.17857142857142858 0.17857142857142858 0.19642857142857142 
0.21428571428571427 0.17857142857142858 0.21428571428571427 0.21428571428571427 0.17857142857142858 
0.17857142857142858 0.17857142857142858 0.21428571428571427 0.17857142857142858 0.25 
0.1896551724137931 0.1724137931034483 0.1724137931034483 0.1724137931034483 0.29310344827586204 
0.1875 0.15625 0.25 0.25 0.15625 
0.21428571428571427 0.19642857142857142 0.21428571428571427 0.19642857142857142 0.17857142857142858 
0.18181818181818182 0.2545454545454545 0.2 0.18181818181818182 0.18181818181818182 
0.21428571428571427 0.17857142857142858 0.19642857142857142 0.23214285714285715 0.17857142857142858 
0.22413793103448276 0.1724137931034483 0.1896551724137931 0.1724137931034483 0.2413793103448276 
0.16393442622950818 0.2786885245901639 0.18032786885245902 0.19672131147540983 0.18032786885245902 
0.17543859649122806 0.24561403508771928 0.19298245614035087 0.21052631578947367 0.17543859649122806 
0.17857142857142858 0.26785714285714285 0.17857142857142858 0.19642857142857142 0.17857142857142858 
0.19672131147540983 0.18032786885245902 0.21311475409836064 0.2459016393442623 0.16393442622950818 
0.18181818181818182 0.23636363636363636 0.2 0.18181818181818182 0.2 
0.2545454545454545 0.18181818181818182 0.18181818181818182 0.2 0.18181818181818182 
0.16923076923076924 0.2 0.24615384615384617 0.23076923076923078 0.15384615384615385 
0.21818181818181817 0.18181818181818182 0.21818181818181817 0.2 0.18181818181818182 
0.17543859649122806 0.17543859649122806 0.24561403508771928 0.21052631578947367 0.19298245614035087 
0.2033898305084746 0.1864406779661017 0.23728813559322035 0.1864406779661017 0.1864406779661017 
0.19696969696969696 0.15151515151515152 0.19696969696969696 0.2727272727272727 0.18181818181818182 
0.2545454545454545 0.18181818181818182 0.18181818181818182 0.18181818181818182 0.2 
0.2 0.18181818181818182 0.23636363636363636 0.2 0.18181818181818182 
0.17857142857142858 0.2857142857142857 0.17857142857142858 0.17857142857142858 0.17857142857142858 
0.1917808219178082 0.1643835616438356 0.2054794520547945 0.273972602739726 0.1643835616438356 
0.17857142857142858 0.17857142857142858 0.17857142857142858 0.17857142857142858 0.2857142857142857 
0.1935483870967742 0.16129032258064516 0.1774193548387097 0.16129032258064516 0.3064516129032258 
0.16666666666666666 0.2 0.26666666666666666 0.2 0.16666666666666666 
0.18181818181818182 0.2 0.21818181818181817 0.18181818181818182 0.21818181818181817 
0.17857142857142858 0.17857142857142858 0.17857142857142858 0.19642857142857142 0.26785714285714285 
0.1694915254237288 0.1864406779661017 0.3050847457627119 0.1694915254237288 0.1694915254237288 
0.18181818181818182 0.23636363636363636 0.2 0.2 0.18181818181818182 
0.21428571428571427 0.17857142857142858 0.17857142857142858 0.21428571428571427 0.21428571428571427 
0.16129032258064516 0.20967741935483872 0.25806451612903225 0.1774193548387097 0.1935483870967742 
0.17543859649122806 0.17543859649122806 0.2631578947368421 0.19298245614035087 0.19298245614035087 
0.21428571428571427 0.17857142857142858 0.23214285714285715 0.19642857142857142 0.17857142857142858 
0.2545454545454545 0.18181818181818182 0.18181818181818182 0.18181818181818182 0.2 
0.15625 0.359375 0.15625 0.15625 0.171875 
