0.07552083333333333 0.09635416666666667 0.1171875 0.0859375 0.07552083333333333 0.0859375 0.09635416666666667 0.3671875 
0.03173076923076923 0.07019230769230769 0.035576923076923075 0.08173076923076923 0.07788461538461539 0.03173076923076923 0.27403846153846156 0.3971153846153846 
0.10661764705882353 0.13602941176470587 0.09191176470588236 0.09191176470588236 0.1213235294117647 0.09191176470588236 0.1213235294117647 0.23897058823529413 
0.08333333333333333 0.15 0.15 0.09666666666666666 0.08333333333333333 0.16333333333333333 0.12333333333333334 0.15 
0.2782258064516129 0.10080645161290322 0.11693548387096774 0.10080645161290322 0.10080645161290322 0.10080645161290322 0.10080645161290322 0.10080645161290322 
0.08726415094339622 0.11556603773584906 0.08726415094339622 0.09669811320754718 0.09669811320754718 0.08726415094339622 0.28537735849056606 0.14386792452830188 
0.10971223021582734 0.05935251798561151 0.10251798561151079 0.052158273381294966 0.0737410071942446 0.17446043165467626 0.044964028776978415 0.3830935251798561 
0.09057971014492754 0.09057971014492754 0.13405797101449277 0.09057971014492754 0.10507246376811594 0.10507246376811594 0.27898550724637683 0.10507246376811594 
0.038157894736842106 0.04868421052631579 0.038157894736842106 0.05394736842105263 0.04342105263157895 0.09078947368421053 0.49078947368421055 0.19605263157894737 
0.08266129032258064 0.0907258064516129 0.12298387096774194 0.09879032258064516 0.08266129032258064 0.17137096774193547 0.17137096774193547 0.17943548387096775 
0.0889423076923077 0.11778846153846154 0.40625 0.0889423076923077 0.06971153846153846 0.07932692307692307 0.07932692307692307 0.06971153846153846 
0.05797872340425532 0.07074468085106383 0.05797872340425532 0.04308510638297872 0.05797872340425532 0.475 0.05159574468085106 0.18563829787234043 
0.12692307692307692 0.11153846153846154 0.11153846153846154 0.1423076923076923 0.17307692307692307 0.09615384615384616 0.1423076923076923 0.09615384615384616 
0.09057971014492754 0.14855072463768115 0.17753623188405798 0.11956521739130435 0.09057971014492754 0.14855072463768115 0.10507246376811594 0.11956521739130435 
0.09765625 0.14453125 0.16015625 0.11328125 0.11328125 0.09765625 0.14453125 0.12890625 
0.01807403123192597 0.02559282822440717 0.10656448814343551 0.42813765182186236 0.0186524002313476 0.04525737420474263 0.06550028918449971 0.29222093695777906 
0.19140625 0.11328125 0.09765625 0.11328125 0.12890625 0.12890625 0.11328125 0.11328125 
0.09438775510204081 0.07397959183673469 0.14540816326530612 0.10459183673469388 0.14540816326530612 0.16581632653061223 0.16581632653061223 0.10459183673469388 
0.11785714285714285 0.10357142857142858 0.10357142857142858 0.16071428571428573 0.14642857142857144 0.10357142857142858 0.14642857142857144 0.11785714285714285 
0.0992063492063492 0.13095238095238096 0.0992063492063492 0.0992063492063492 0.11507936507936507 0.0992063492063492 0.25793650793650796 0.0992063492063492 
0.05040322580645161 0.38911290322580644 0.09879032258064516 0.06653225806451613 0.07459677419354839 0.10685483870967742 0.13911290322580644 0.07459677419354839 
0.10245901639344263 0.25 0.10245901639344263 0.10245901639344263 0.10245901639344263 0.10245901639344263 0.10245901639344263 0.13524590163934427 
0.09057971014492754 0.11956521739130435 0.09057971014492754 0.09057971014492754 0.09057971014492754 0.10507246376811594 0.2644927536231884 0.14855072463768115 
0.01890432098765432 0.6902006172839507 0.0466820987654321 0.02970679012345679 0.05131172839506173 0.02199074074074074 0.09606481481481481 0.04513888888888889 
0.08418367346938775 0.14540816326530612 0.11479591836734694 0.06377551020408163 0.07397959183673469 0.11479591836734694 0.16581632653061223 0.2372448979591837 
0.10661764705882353 0.10661764705882353 0.15073529411764705 0.09191176470588236 0.09191176470588236 0.10661764705882353 0.1948529411764706 0.15073529411764705 
0.10714285714285714 0.1331168831168831 0.09415584415584416 0.08116883116883117 0.09415584415584416 0.10714285714285714 0.288961038961039 0.09415584415584416 
0.08269230769230769 0.13653846153846153 0.11089743589743589 0.10064102564102564 0.11089743589743589 0.3057692307692308 0.06987179487179487 0.08269230769230769 
0.10984848484848485 0.0946969696969697 0.14015151515151514 0.0946969696969697 0.1856060606060606 0.17045454545454544 0.0946969696969697 0.10984848484848485 
0.04844961240310078 0.11046511627906977 0.09496124031007752 0.12596899224806202 0.09496124031007752 0.07170542635658915 0.07170542635658915 0.3817829457364341 
0.05952380952380952 0.06318681318681318 0.08882783882783883 0.04487179487179487 0.037545787545787544 0.5173992673992674 0.08516483516483517 0.10347985347985347 
0.09482758620689655 0.12931034482758622 0.07183908045977011 0.07183908045977011 0.10632183908045977 0.09482758620689655 0.16379310344827586 0.2672413793103448 
0.01857429718875502 0.09487951807228916 0.2113453815261044 0.1290160642570281 0.1290160642570281 0.10291164658634538 0.15512048192771086 0.15913654618473896 
0.12373737373737374 0.11363636363636363 0.14393939393939395 0.08333333333333333 0.08333333333333333 0.12373737373737374 0.20454545454545456 0.12373737373737374 
0.2147887323943662 0.10211267605633803 0.1443661971830986 0.0880281690140845 0.11619718309859155 0.1443661971830986 0.0880281690140845 0.10211267605633803 
0.022527472527472527 0.04450549450549451 0.0489010989010989 0.024725274725274724 0.04450549450549451 0.05549450549450549 0.539010989010989 0.22032967032967032 
0.15 0.12333333333333334 0.12333333333333334 0.08333333333333333 0.13666666666666666 0.16333333333333333 0.12333333333333334 0.09666666666666666 
0.07107843137254902 0.07107843137254902 0.10049019607843138 0.12009803921568628 0.07107843137254902 0.14950980392156862 0.13970588235294118 0.2769607843137255 
0.4883177570093458 0.05841121495327103 0.11448598130841121 0.05841121495327103 0.06775700934579439 0.07710280373831775 0.07710280373831775 0.05841121495327103 
0.4543269230769231 0.0985576923076923 0.07932692307692307 0.06971153846153846 0.06009615384615385 0.0889423076923077 0.0889423076923077 0.06009615384615385 
0.6583665338645418 0.04880478087649402 0.05677290836653386 0.036852589641434265 0.060756972111553786 0.04880478087649402 0.04880478087649402 0.04083665338645418 
0.11342592592592593 0.13194444444444445 0.13194444444444445 0.13194444444444445 0.15046296296296297 0.15046296296296297 0.09490740740740741 0.09490740740740741 
0.015438247011952191 0.11039176626826029 0.15355245683930943 0.3567397078353254 0.11636786188579017 0.05461487383798141 0.0499667994687915 0.14292828685258965 
0.10069444444444445 0.1284722222222222 0.1284722222222222 0.1701388888888889 0.10069444444444445 0.1284722222222222 0.10069444444444445 0.1423611111111111 
0.029805352798053526 0.029805352798053526 0.04440389294403893 0.04440389294403893 0.05170316301703163 0.03953771289537713 0.49209245742092456 0.26824817518248173 
0.006630824372759856 0.03387096774193549 0.0482078853046595 0.06684587813620071 0.06254480286738351 0.052508960573476704 0.4453405017921147 0.2840501792114695 
0.2372448979591837 0.08418367346938775 0.125 0.08418367346938775 0.07397959183673469 0.21683673469387754 0.09438775510204081 0.08418367346938775 
0.11619718309859155 0.0880281690140845 0.0880281690140845 0.0880281690140845 0.10211267605633803 0.0880281690140845 0.1443661971830986 0.2852112676056338 
0.32751937984496127 0.01313522825150732 0.1690353143841516 0.020887166236003445 0.08204134366925064 0.33613264427217915 0.02950043066322136 0.021748492678725237 
0.01625 0.05125 0.03225 0.03525 0.02325 0.12325 0.53425 0.18425 
0.5397435897435897 0.057692307692307696 0.08333333333333333 0.04230769230769231 0.08333333333333333 0.08333333333333333 0.052564102564102565 0.057692307692307696 
0.4493006993006993 0.043706293706293704 0.07867132867132867 0.12062937062937062 0.10664335664335664 0.07867132867132867 0.057692307692307696 0.06468531468531469 
0.26944444444444443 0.08055555555555556 0.11388888888888889 0.06944444444444445 0.1361111111111111 0.1361111111111111 0.06944444444444445 0.125 
0.15911910669975185 0.06978908188585609 0.2261166253101737 0.0759925558312655 0.07227047146401985 0.2893920595533499 0.08219602977667494 0.02512406947890819 
0.19202898550724637 0.10507246376811594 0.10507246376811594 0.11956521739130435 0.11956521739130435 0.13405797101449277 0.10507246376811594 0.11956521739130435 
0.05778301886792453 0.09551886792452831 0.14268867924528303 0.12853773584905662 0.08136792452830188 0.11438679245283019 0.10023584905660378 0.2794811320754717 
0.04844497607655503 0.16566985645933013 0.07236842105263158 0.16566985645933013 0.1513157894736842 0.03409090909090909 0.19916267942583732 0.1632775119617225 
0.08561643835616438 0.1404109589041096 0.08561643835616438 0.11301369863013698 0.1404109589041096 0.1267123287671233 0.1815068493150685 0.1267123287671233 
0.365625 0.090625 0.090625 0.078125 0.115625 0.090625 0.090625 0.078125 
0.12890625 0.11328125 0.09765625 0.11328125 0.11328125 0.11328125 0.19140625 0.12890625 
0.06751824817518248 0.11131386861313869 0.14051094890510948 0.07481751824817519 0.1259124087591241 0.08211678832116788 0.177007299270073 0.2208029197080292 
0.08630952380952381 0.09821428571428571 0.08630952380952381 0.15773809523809523 0.08630952380952381 0.08630952380952381 0.21726190476190477 0.18154761904761904 
0.059782608695652176 0.05253623188405797 0.07427536231884058 0.059782608695652176 0.06702898550724638 0.07427536231884058 0.26992753623188404 0.3423913043478261 
0.04959514170040486 0.6568825910931174 0.04149797570850203 0.04959514170040486 0.03340080971659919 0.053643724696356275 0.07388663967611336 0.04149797570850203 
0.042738970588235295 0.04090073529411765 0.04090073529411765 0.035386029411764705 0.17693014705882354 0.08318014705882353 0.04641544117647059 0.5335477941176471 
0.07051282051282051 0.18162393162393162 0.07051282051282051 0.16452991452991453 0.0876068376068376 0.06196581196581197 0.13034188034188035 0.2329059829059829 
0.09191176470588236 0.13602941176470587 0.09191176470588236 0.1801470588235294 0.15073529411764705 0.10661764705882353 0.15073529411764705 0.09191176470588236 
0.46875 0.06085526315789474 0.06743421052631579 0.047697368421052634 0.0805921052631579 0.17269736842105263 0.06085526315789474 0.04111842105263158 
0.22869318181818182 0.052556818181818184 0.052556818181818184 0.06960227272727272 0.041193181818181816 0.43323863636363635 0.05823863636363636 0.06392045454545454 
0.09615384615384616 0.12692307692307692 0.12692307692307692 0.11153846153846154 0.12692307692307692 0.11153846153846154 0.20384615384615384 0.09615384615384616 
0.5015991471215352 0.04957356076759062 0.05383795309168443 0.0730277185501066 0.0708955223880597 0.1732409381663113 0.04317697228144989 0.03464818763326226 
0.09057971014492754 0.09057971014492754 0.11956521739130435 0.11956521739130435 0.09057971014492754 0.09057971014492754 0.19202898550724637 0.20652173913043478 
0.0992063492063492 0.13095238095238096 0.0992063492063492 0.14682539682539683 0.11507936507936507 0.0992063492063492 0.19444444444444445 0.11507936507936507 
0.1213235294117647 0.09191176470588236 0.16544117647058823 0.09191176470588236 0.10661764705882353 0.16544117647058823 0.1213235294117647 0.13602941176470587 
0.14054726368159204 0.060945273631840796 0.046019900497512436 0.08582089552238806 0.0708955223880597 0.1455223880597015 0.35447761194029853 0.09577114427860696 
0.1678082191780822 0.1404109589041096 0.1267123287671233 0.09931506849315068 0.09931506849315068 0.1541095890410959 0.1267123287671233 0.08561643835616438 
0.2977941176470588 0.10661764705882353 0.09191176470588236 0.1213235294117647 0.09191176470588236 0.09191176470588236 0.09191176470588236 0.10661764705882353 
0.3560606060606061 0.07323232323232323 0.07323232323232323 0.07323232323232323 0.15404040404040403 0.10353535353535354 0.10353535353535354 0.06313131313131314 
0.06446540880503145 0.11477987421383648 0.06446540880503145 0.08333333333333333 0.10849056603773585 0.06446540880503145 0.08962264150943396 0.41037735849056606 
0.018096148593280525 0.048415733406173174 0.0511472275334608 0.08583720295001365 0.5556541928434854 0.05824911226440863 0.019461895656924338 0.16313848675225348 
0.14919354838709678 0.13306451612903225 0.14919354838709678 0.11693548387096774 0.10080645161290322 0.11693548387096774 0.11693548387096774 0.11693548387096774 
0.16777566539923955 0.09363117870722433 0.04230038022813688 0.036596958174904944 0.05180608365019011 0.49477186311787075 0.0556083650190114 0.05750950570342205 
0.052556818181818184 0.05823863636363636 0.046875 0.05823863636363636 0.046875 0.08664772727272728 0.09801136363636363 0.5525568181818182 
0.32831325301204817 0.09939759036144578 0.09939759036144578 0.07530120481927711 0.09939759036144578 0.09939759036144578 0.08734939759036145 0.11144578313253012 
0.09931506849315068 0.11301369863013698 0.09931506849315068 0.1267123287671233 0.09931506849315068 0.09931506849315068 0.25 0.11301369863013698 
0.011466549810108093 0.049152789950335965 0.661189015483494 0.05820917323984809 0.048860648553900085 0.051782062518258835 0.018770084721004967 0.10056967572304995 
0.10080645161290322 0.13306451612903225 0.10080645161290322 0.11693548387096774 0.10080645161290322 0.1814516129032258 0.14919354838709678 0.11693548387096774 
0.12083333333333333 0.1375 0.10416666666666667 0.12083333333333333 0.15416666666666667 0.12083333333333333 0.10416666666666667 0.1375 
0.17725409836065573 0.050204918032786885 0.06659836065573771 0.0706967213114754 0.050204918032786885 0.44774590163934425 0.06659836065573771 0.0706967213114754 
0.26071428571428573 0.10357142857142858 0.08928571428571429 0.14642857142857144 0.10357142857142858 0.11785714285714285 0.08928571428571429 0.08928571428571429 
0.2336065573770492 0.10245901639344263 0.11885245901639344 0.10245901639344263 0.10245901639344263 0.13524590163934427 0.10245901639344263 0.10245901639344263 
0.3425480769230769 0.06370192307692307 0.054086538461538464 0.09254807692307693 0.20793269230769232 0.13581730769230768 0.03485576923076923 0.06850961538461539 
0.17857142857142858 0.0992063492063492 0.14682539682539683 0.11507936507936507 0.0992063492063492 0.11507936507936507 0.0992063492063492 0.14682539682539683 
0.17016806722689076 0.11134453781512606 0.10294117647058823 0.07773109243697479 0.12815126050420167 0.24579831932773108 0.09453781512605042 0.06932773109243698 
0.06922611850060459 0.03657799274486094 0.06922611850060459 0.13210399032648126 0.019649334945586457 0.5432285368802902 0.07164449818621524 0.05834340991535671 
0.031139575971731448 0.03820671378091873 0.09386042402826855 0.08237632508833923 0.09562720848056537 0.10799469964664311 0.07000883392226148 0.48078621908127206 
0.13095238095238096 0.0992063492063492 0.0992063492063492 0.11507936507936507 0.13095238095238096 0.14682539682539683 0.13095238095238096 0.14682539682539683 
0.03022875816993464 0.0661764705882353 0.0988562091503268 0.11519607843137254 0.07598039215686274 0.17401960784313725 0.03676470588235294 0.4027777777777778 
0.353125 0.103125 0.103125 0.090625 0.090625 0.078125 0.078125 0.103125 
0.025261324041811847 0.0740418118466899 0.12282229965156795 0.15069686411149827 0.09843205574912892 0.05662020905923345 0.22038327526132404 0.25174216027874563 
0.04632867132867133 0.11276223776223776 0.08479020979020979 0.14772727272727273 0.08129370629370629 0.06381118881118882 0.3575174825174825 0.10576923076923077 
0.22572815533980584 0.10922330097087378 0.10922330097087378 0.08980582524271845 0.1383495145631068 0.10922330097087378 0.08980582524271845 0.12864077669902912 
0.05377906976744186 0.09447674418604651 0.1002906976744186 0.05377906976744186 0.07122093023255814 0.24563953488372092 0.07703488372093023 0.30377906976744184 
0.10211267605633803 0.11619718309859155 0.0880281690140845 0.13028169014084506 0.11619718309859155 0.15845070422535212 0.17253521126760563 0.11619718309859155 
0.5607822410147991 0.03646934460887949 0.0660676532769556 0.04281183932346723 0.1464059196617336 0.0660676532769556 0.03858350951374207 0.04281183932346723 
0.0625 0.054924242424242424 0.0625 0.13068181818181818 0.10795454545454546 0.13825757575757575 0.0928030303030303 0.3503787878787879 
0.08333333333333333 0.13666666666666666 0.09666666666666666 0.13666666666666666 0.08333333333333333 0.08333333333333333 0.21666666666666667 0.16333333333333333 
0.06473214285714286 0.09151785714285714 0.07366071428571429 0.06473214285714286 0.06473214285714286 0.07366071428571429 0.109375 0.4575892857142857 
0.10211267605633803 0.11619718309859155 0.1443661971830986 0.13028169014084506 0.0880281690140845 0.2147887323943662 0.0880281690140845 0.11619718309859155 
0.33 0.074 0.058 0.09 0.082 0.194 0.082 0.09 
0.14919354838709678 0.10080645161290322 0.14919354838709678 0.13306451612903225 0.10080645161290322 0.10080645161290322 0.13306451612903225 0.13306451612903225 
0.4346590909090909 0.07102272727272728 0.07102272727272728 0.08238636363636363 0.08238636363636363 0.09375 0.08238636363636363 0.08238636363636363 
0.49866310160427807 0.05481283422459893 0.07620320855614973 0.06016042780748663 0.07085561497326204 0.09224598930481283 0.07085561497326204 0.07620320855614973 
0.06991525423728813 0.12076271186440678 0.08686440677966102 0.07838983050847458 0.1038135593220339 0.1038135593220339 0.07838983050847458 0.3580508474576271 
0.09838935574229692 0.08718487394957983 0.10679271708683473 0.04376750700280112 0.05917366946778711 0.11379551820728291 0.40931372549019607 0.08158263305322129 
0.04439809296781883 0.0598927294398093 0.04797377830750894 0.08492252681764005 0.08253873659117998 0.26847437425506554 0.028903456495828365 0.382896305125149 
0.06570512820512821 0.08493589743589744 0.06570512820512821 0.052884615384615384 0.07211538461538461 0.22596153846153846 0.19391025641025642 0.2387820512820513 
0.04803719008264463 0.08522727272727272 0.04390495867768595 0.07902892561983471 0.05836776859504132 0.14101239669421486 0.12035123966942149 0.4240702479338843 
0.25758785942492013 0.06589456869009584 0.27675718849840253 0.03554313099041533 0.09145367412140575 0.20806709265175719 0.03075079872204473 0.03394568690095846 
0.5363372093023255 0.036337209302325583 0.04796511627906977 0.06540697674418605 0.07122093023255814 0.14680232558139536 0.04215116279069767 0.05377906976744186 
0.06610337972166998 0.05815109343936382 0.21719681908548708 0.19532803180914513 0.07007952286282307 0.2768389662027833 0.05417495029821073 0.0621272365805169 
0.5575842696629213 0.04073033707865169 0.08567415730337079 0.06320224719101124 0.05196629213483146 0.11376404494382023 0.046348314606741575 0.04073033707865169 
0.09951456310679611 0.11893203883495146 0.11893203883495146 0.16747572815533981 0.10922330097087378 0.09951456310679611 0.11893203883495146 0.16747572815533981 
0.18661971830985916 0.11619718309859155 0.1443661971830986 0.11619718309859155 0.11619718309859155 0.11619718309859155 0.0880281690140845 0.11619718309859155 
0.08164739884393063 0.07297687861271676 0.15390173410404626 0.05563583815028902 0.3475433526011561 0.06719653179190752 0.12789017341040462 0.09320809248554913 
0.4868421052631579 0.05075187969924812 0.045739348370927316 0.043233082706766915 0.08834586466165413 0.19862155388471178 0.04824561403508772 0.03822055137844611 
0.12654320987654322 0.08950617283950617 0.10185185185185185 0.16358024691358025 0.16358024691358025 0.11419753086419752 0.12654320987654322 0.11419753086419752 
0.4253916698509744 0.014615972487581199 0.03754298815437524 0.016908674054260605 0.27865876958349256 0.20605655330531142 0.007737867787542988 0.013087504776461598 
0.3915929203539823 0.08185840707964602 0.09955752212389381 0.06415929203539823 0.08185840707964602 0.1084070796460177 0.07300884955752213 0.09955752212389381 
0.3812684365781711 0.06858407079646017 0.059734513274336286 0.059734513274336286 0.17772861356932154 0.14823008849557523 0.05088495575221239 0.05383480825958702 
0.04596412556053812 0.06838565022421525 0.06838565022421525 0.05044843049327354 0.09977578475336323 0.08183856502242152 0.06838565022421525 0.5168161434977578 
0.11785714285714285 0.10357142857142858 0.11785714285714285 0.16071428571428573 0.10357142857142858 0.14642857142857144 0.13214285714285715 0.11785714285714285 
0.3776595744680851 0.05851063829787234 0.08687943262411348 0.044326241134751775 0.12943262411347517 0.10815602836879433 0.08687943262411348 0.10815602836879433 
0.12333333333333334 0.09666666666666666 0.13666666666666666 0.12333333333333334 0.15 0.13666666666666666 0.12333333333333334 0.11 
0.09593023255813954 0.1308139534883721 0.17732558139534885 0.11918604651162791 0.1308139534883721 0.11918604651162791 0.08430232558139535 0.14244186046511628 
0.24621212121212122 0.0946969696969697 0.0946969696969697 0.125 0.14015151515151514 0.0946969696969697 0.10984848484848485 0.0946969696969697 
0.5366242038216561 0.06528662420382166 0.0589171974522293 0.07802547770700637 0.07802547770700637 0.07802547770700637 0.052547770700636945 0.052547770700636945 
0.4617117117117117 0.05630630630630631 0.08333333333333333 0.06531531531531531 0.10135135135135136 0.08333333333333333 0.08333333333333333 0.06531531531531531 
0.340625 0.078125 0.103125 0.090625 0.128125 0.090625 0.090625 0.078125 
0.31043956043956045 0.10164835164835165 0.09065934065934066 0.10164835164835165 0.10164835164835165 0.10164835164835165 0.12362637362637363 0.06868131868131869 
0.4460227272727273 0.07102272727272728 0.10511363636363637 0.09375 0.07102272727272728 0.07102272727272728 0.07102272727272728 0.07102272727272728 
0.40625 0.0889423076923077 0.10817307692307693 0.06971153846153846 0.0889423076923077 0.0889423076923077 0.07932692307692307 0.06971153846153846 
0.6977351916376306 0.025261324041811847 0.046167247386759584 0.039198606271777 0.042682926829268296 0.09146341463414634 0.02177700348432056 0.03571428571428571 
0.08128834355828221 0.06533742331288343 0.20030674846625768 0.08496932515337423 0.08374233128834356 0.3414110429447853 0.11441717791411044 0.02852760736196319 
0.374031007751938 0.0562015503875969 0.12596899224806202 0.0872093023255814 0.0872093023255814 0.0872093023255814 0.06395348837209303 0.1182170542635659 
0.2161654135338346 0.04824561403508772 0.023182957393483708 0.03822055137844611 0.05075187969924812 0.5570175438596491 0.023182957393483708 0.043233082706766915 
0.26531620553359686 0.04199604743083004 0.07559288537549406 0.11314229249011858 0.0716403162055336 0.3285573122529644 0.06373517786561265 0.0400197628458498 
0.19017094017094016 0.07051282051282051 0.16452991452991453 0.07051282051282051 0.053418803418803416 0.3269230769230769 0.053418803418803416 0.07051282051282051 
0.5597826086956522 0.059782608695652176 0.06702898550724638 0.06702898550724638 0.06702898550724638 0.06702898550724638 0.05253623188405797 0.059782608695652176 
0.11693548387096774 0.13306451612903225 0.13306451612903225 0.11693548387096774 0.10080645161290322 0.14919354838709678 0.14919354838709678 0.10080645161290322 
0.11507936507936507 0.1626984126984127 0.13095238095238096 0.11507936507936507 0.11507936507936507 0.13095238095238096 0.11507936507936507 0.11507936507936507 
0.04807692307692308 0.11612426035502958 0.41494082840236685 0.09541420118343195 0.07174556213017752 0.03920118343195266 0.053994082840236685 0.16050295857988164 
0.14682539682539683 0.13095238095238096 0.0992063492063492 0.1626984126984127 0.14682539682539683 0.0992063492063492 0.11507936507936507 0.0992063492063492 
0.03351449275362319 0.15307971014492755 0.06974637681159421 0.03713768115942029 0.04076086956521739 0.029891304347826088 0.20742753623188406 0.42844202898550726 
0.15298507462686567 0.15298507462686567 0.15298507462686567 0.09328358208955224 0.12313432835820895 0.10820895522388059 0.10820895522388059 0.10820895522388059 
0.1443661971830986 0.0880281690140845 0.0880281690140845 0.10211267605633803 0.13028169014084506 0.11619718309859155 0.17253521126760563 0.15845070422535212 
0.12692307692307692 0.09615384615384616 0.1576923076923077 0.12692307692307692 0.09615384615384616 0.1576923076923077 0.12692307692307692 0.11153846153846154 
0.3633720930232558 0.07267441860465117 0.08430232558139535 0.08430232558139535 0.10755813953488372 0.1308139534883721 0.08430232558139535 0.07267441860465117 
0.10416666666666667 0.10416666666666667 0.12083333333333333 0.10416666666666667 0.12083333333333333 0.12083333333333333 0.17083333333333334 0.15416666666666667 
0.7534965034965035 0.014568764568764568 0.023892773892773892 0.026223776223776224 0.028554778554778556 0.0844988344988345 0.033216783216783216 0.035547785547785545 
0.5059055118110236 0.06496062992125984 0.07283464566929133 0.04921259842519685 0.05708661417322835 0.08070866141732283 0.06496062992125984 0.10433070866141732 
0.5575396825396826 0.0496031746031746 0.057539682539682536 0.07341269841269842 0.057539682539682536 0.08134920634920635 0.07341269841269842 0.0496031746031746 
0.6400523560209425 0.04319371727748691 0.04842931937172775 0.04842931937172775 0.0693717277486911 0.07460732984293193 0.04319371727748691 0.032722513089005235 
0.13602941176470587 0.1213235294117647 0.10661764705882353 0.16544117647058823 0.09191176470588236 0.09191176470588236 0.16544117647058823 0.1213235294117647 
0.17083333333333334 0.10416666666666667 0.1375 0.12083333333333333 0.12083333333333333 0.10416666666666667 0.12083333333333333 0.12083333333333333 
0.018326417704011066 0.088865836791148 0.11099585062240663 0.3530428769017981 0.09024896265560166 0.03630705394190872 0.05567081604426003 0.24654218533886585 
0.07716049382716049 0.1388888888888889 0.10185185185185185 0.07716049382716049 0.12654320987654322 0.08950617283950617 0.25 0.1388888888888889 
0.04847908745247148 0.04847908745247148 0.07889733840304182 0.0370722433460076 0.05354879594423321 0.6669835234474017 0.04847908745247148 0.01806083650190114 
0.1423076923076923 0.11153846153846154 0.11153846153846154 0.11153846153846154 0.09615384615384616 0.12692307692307692 0.17307692307692307 0.12692307692307692 
0.14802631578947367 0.12171052631578948 0.09539473684210527 0.13486842105263158 0.10855263157894737 0.17434210526315788 0.12171052631578948 0.09539473684210527 
0.038223140495867766 0.0506198347107438 0.058884297520661155 0.12913223140495866 0.07128099173553719 0.14566115702479338 0.09607438016528926 0.41012396694214875 
0.29347826086956524 0.10507246376811594 0.10507246376811594 0.09057971014492754 0.09057971014492754 0.10507246376811594 0.10507246376811594 0.10507246376811594 
0.09375 0.07102272727272728 0.11647727272727272 0.07102272727272728 0.08238636363636363 0.09375 0.3096590909090909 0.16193181818181818 
0.04245283018867924 0.031132075471698113 0.07264150943396226 0.031132075471698113 0.06509433962264151 0.11037735849056604 0.05 0.5971698113207548 
0.3778409090909091 0.07102272727272728 0.10511363636363637 0.09375 0.08238636363636363 0.10511363636363637 0.07102272727272728 0.09375 
0.020524899057873486 0.043405114401076715 0.07166890982503364 0.08243606998654104 0.08781965006729475 0.023216689098250337 0.6113728129205922 0.05955585464333782 
0.11328125 0.11328125 0.12890625 0.16015625 0.12890625 0.11328125 0.12890625 0.11328125 
0.12788461538461537 0.11634615384615385 0.05480769230769231 0.08173076923076923 0.04326923076923077 0.24326923076923077 0.13173076923076923 0.20096153846153847 
0.05030487804878049 0.06859756097560976 0.07469512195121951 0.09908536585365854 0.09908536585365854 0.15396341463414634 0.04420731707317073 0.4100609756097561 
0.1281645569620253 0.09018987341772151 0.07753164556962025 0.058544303797468354 0.04588607594936709 0.4319620253164557 0.09018987341772151 0.07753164556962025 
0.08626760563380281 0.06514084507042253 0.07922535211267606 0.07922535211267606 0.058098591549295774 0.1426056338028169 0.0721830985915493 0.41725352112676056 
0.11885245901639344 0.10245901639344263 0.11885245901639344 0.11885245901639344 0.10245901639344263 0.10245901639344263 0.20081967213114754 0.13524590163934427 
0.023015873015873017 0.05476190476190476 0.05476190476190476 0.04206349206349207 0.04523809523809524 0.048412698412698414 0.0865079365079365 0.6452380952380953 
0.11507936507936507 0.13095238095238096 0.0992063492063492 0.13095238095238096 0.11507936507936507 0.0992063492063492 0.17857142857142858 0.13095238095238096 
0.08333333333333333 0.13666666666666666 0.11 0.08333333333333333 0.11 0.09666666666666666 0.27 0.11 
0.07007575757575757 0.054924242424242424 0.0625 0.11553030303030302 0.07765151515151515 0.07765151515151515 0.4109848484848485 0.13068181818181818 
0.10416666666666667 0.12083333333333333 0.10416666666666667 0.10416666666666667 0.10416666666666667 0.10416666666666667 0.20416666666666666 0.15416666666666667 
0.07267441860465117 0.10755813953488372 0.08430232558139535 0.08430232558139535 0.09593023255813954 0.09593023255813954 0.35174418604651164 0.10755813953488372 
0.036846275752773376 0.032091917591125195 0.05427892234548336 0.11291600633914421 0.05427892234548336 0.052694136291600635 0.5899366085578447 0.06695721077654516 
0.09068627450980392 0.18872549019607843 0.10049019607843138 0.11029411764705882 0.11029411764705882 0.08088235294117647 0.2181372549019608 0.10049019607843138 
0.25 0.10245901639344263 0.10245901639344263 0.10245901639344263 0.10245901639344263 0.11885245901639344 0.10245901639344263 0.11885245901639344 
0.10416666666666667 0.12083333333333333 0.12083333333333333 0.1375 0.1375 0.10416666666666667 0.17083333333333334 0.10416666666666667 
0.07967032967032966 0.10164835164835165 0.11263736263736264 0.07967032967032966 0.06868131868131869 0.07967032967032966 0.23351648351648352 0.2445054945054945 
0.12640449438202248 0.0702247191011236 0.09269662921348315 0.09269662921348315 0.0702247191011236 0.09269662921348315 0.32865168539325845 0.12640449438202248 
0.11956521739130435 0.13405797101449277 0.10507246376811594 0.13405797101449277 0.11956521739130435 0.09057971014492754 0.19202898550724637 0.10507246376811594 
0.10820895522388059 0.12313432835820895 0.12313432835820895 0.09328358208955224 0.10820895522388059 0.10820895522388059 0.2126865671641791 0.12313432835820895 
0.009455719557195572 0.07218634686346863 0.046356088560885605 0.12015682656826568 0.07218634686346863 0.025138376383763837 0.5371309963099631 0.11738929889298894 
0.21036585365853658 0.08841463414634146 0.11280487804878049 0.10060975609756098 0.10060975609756098 0.17378048780487804 0.10060975609756098 0.11280487804878049 
0.06944444444444445 0.14722222222222223 0.08055555555555556 0.08055555555555556 0.08055555555555556 0.06944444444444445 0.15833333333333333 0.3138888888888889 
0.3286637931034483 0.04418103448275862 0.12607758620689655 0.04849137931034483 0.18642241379310345 0.12176724137931035 0.08297413793103449 0.061422413793103446 
0.0659090909090909 0.275 0.0659090909090909 0.056818181818181816 0.08409090909090909 0.075 0.25681818181818183 0.12045454545454545 
0.11148648648648649 0.15202702702702703 0.125 0.08445945945945946 0.125 0.08445945945945946 0.17905405405405406 0.13851351351351351 
0.18661971830985916 0.10211267605633803 0.1443661971830986 0.10211267605633803 0.1443661971830986 0.13028169014084506 0.0880281690140845 0.10211267605633803 
0.7490458015267175 0.05057251908396947 0.035305343511450385 0.02385496183206107 0.046755725190839696 0.035305343511450385 0.02767175572519084 0.03148854961832061 
0.3489583333333333 0.09895833333333333 0.07118055555555555 0.11979166666666667 0.0642361111111111 0.18229166666666666 0.057291666666666664 0.057291666666666664 
0.07007575757575757 0.13825757575757575 0.08522727272727272 0.10037878787878787 0.07007575757575757 0.0928030303030303 0.3428030303030303 0.10037878787878787 
0.09635416666666667 0.12760416666666666 0.07552083333333333 0.12760416666666666 0.12760416666666666 0.09635416666666667 0.09635416666666667 0.2526041666666667 
0.11388888888888889 0.08055555555555556 0.10277777777777777 0.14722222222222223 0.10277777777777777 0.11388888888888889 0.24722222222222223 0.09166666666666666 
0.07795698924731183 0.06720430107526881 0.08870967741935484 0.06720430107526881 0.12096774193548387 0.11021505376344086 0.3682795698924731 0.09946236559139784 
0.05604534005037783 0.07115869017632241 0.18954659949622166 0.06360201511335013 0.025818639798488665 0.2777078085642317 0.06108312342569269 0.25503778337531485 
0.12083333333333333 0.10416666666666667 0.10416666666666667 0.15416666666666667 0.17083333333333334 0.10416666666666667 0.1375 0.10416666666666667 
0.1357142857142857 0.0880952380952381 0.1357142857142857 0.11666666666666667 0.10714285714285714 0.20238095238095238 0.11666666666666667 0.09761904761904762 
0.1267123287671233 0.11301369863013698 0.1815068493150685 0.08561643835616438 0.08561643835616438 0.2226027397260274 0.08561643835616438 0.09931506849315068 
0.09797297297297297 0.09797297297297297 0.08445945945945946 0.08445945945945946 0.11148648648648649 0.3141891891891892 0.09797297297297297 0.11148648648648649 
0.5020161290322581 0.06653225806451613 0.07459677419354839 0.05846774193548387 0.10685483870967742 0.05846774193548387 0.05846774193548387 0.07459677419354839 
0.2236842105263158 0.07631578947368421 0.07631578947368421 0.06578947368421052 0.12894736842105264 0.2236842105263158 0.09736842105263158 0.10789473684210527 
0.1375 0.10416666666666667 0.1375 0.10416666666666667 0.12083333333333333 0.1875 0.10416666666666667 0.10416666666666667 
0.17905405405405406 0.11148648648648649 0.125 0.11148648648648649 0.11148648648648649 0.15202702702702703 0.09797297297297297 0.11148648648648649 
0.06707317073170732 0.18089430894308944 0.07520325203252033 0.08333333333333333 0.09959349593495935 0.06707317073170732 0.23780487804878048 0.18902439024390244 
0.060218978102189784 0.2062043795620438 0.07481751824817519 0.10401459854014598 0.10401459854014598 0.08941605839416059 0.2281021897810219 0.1332116788321168 
0.11693548387096774 0.10080645161290322 0.11693548387096774 0.11693548387096774 0.10080645161290322 0.10080645161290322 0.22983870967741934 0.11693548387096774 
0.11619718309859155 0.18661971830985916 0.0880281690140845 0.0880281690140845 0.11619718309859155 0.10211267605633803 0.15845070422535212 0.1443661971830986 
0.21785714285714286 0.10357142857142858 0.11785714285714285 0.10357142857142858 0.11785714285714285 0.13214285714285715 0.11785714285714285 0.08928571428571429 
0.11785714285714285 0.10357142857142858 0.10357142857142858 0.10357142857142858 0.11785714285714285 0.11785714285714285 0.175 0.16071428571428573 
0.05248306997742664 0.04796839729119639 0.1969525959367946 0.061512415349887134 0.06376975169300225 0.4023702031602709 0.113431151241535 0.061512415349887134 
0.08035714285714286 0.22321428571428573 0.05178571428571429 0.09464285714285714 0.08035714285714286 0.06607142857142857 0.29464285714285715 0.10892857142857143 
0.1423611111111111 0.11458333333333333 0.10069444444444445 0.10069444444444445 0.11458333333333333 0.10069444444444445 0.15625 0.1701388888888889 
0.10661764705882353 0.09191176470588236 0.10661764705882353 0.09191176470588236 0.09191176470588236 0.09191176470588236 0.13602941176470587 0.28308823529411764 
0.09939759036144578 0.18373493975903615 0.07530120481927711 0.12349397590361445 0.11144578313253012 0.09939759036144578 0.1716867469879518 0.1355421686746988 
0.024478330658105937 0.07102728731942215 0.1223916532905297 0.054975922953451044 0.0485553772070626 0.054975922953451044 0.5060192616372392 0.11757624398073836 
0.24206349206349206 0.0992063492063492 0.0992063492063492 0.0992063492063492 0.11507936507936507 0.11507936507936507 0.11507936507936507 0.11507936507936507 
0.03125 0.06573275862068965 0.03987068965517242 0.061422413793103446 0.03987068965517242 0.18642241379310345 0.12607758620689655 0.44935344827586204 
0.0992063492063492 0.11507936507936507 0.13095238095238096 0.13095238095238096 0.11507936507936507 0.14682539682539683 0.11507936507936507 0.14682539682539683 
0.11507936507936507 0.11507936507936507 0.11507936507936507 0.13095238095238096 0.11507936507936507 0.1626984126984127 0.0992063492063492 0.14682539682539683 
0.08333333333333333 0.1425925925925926 0.07592592592592592 0.19444444444444445 0.09814814814814815 0.07592592592592592 0.22407407407407406 0.10555555555555556 
0.07795698924731183 0.08870967741935484 0.08870967741935484 0.07795698924731183 0.09946236559139784 0.12096774193548387 0.22849462365591397 0.21774193548387097 
0.7055873925501432 0.029369627507163324 0.0494269340974212 0.032234957020057305 0.0494269340974212 0.06375358166189111 0.02650429799426934 0.04369627507163324 
0.01804123711340206 0.07052483598875352 0.11082474226804123 0.054592314901593254 0.051780693533270854 0.02928772258669166 0.09301780693533271 0.5719306466729147 
0.12083333333333333 0.17083333333333334 0.10416666666666667 0.1375 0.12083333333333333 0.10416666666666667 0.1375 0.10416666666666667 
0.28353658536585363 0.125 0.10060975609756098 0.08841463414634146 0.13719512195121952 0.08841463414634146 0.08841463414634146 0.08841463414634146 
0.2159090909090909 0.125 0.10984848484848485 0.125 0.10984848484848485 0.125 0.0946969696969697 0.0946969696969697 
0.038109756097560975 0.07469512195121951 0.09908536585365854 0.09908536585365854 0.10518292682926829 0.07469512195121951 0.3856707317073171 0.12347560975609756 
0.11885245901639344 0.10245901639344263 0.13524590163934427 0.13524590163934427 0.10245901639344263 0.10245901639344263 0.20081967213114754 0.10245901639344263 
0.37808641975308643 0.05709876543209876 0.14351851851851852 0.06327160493827161 0.06944444444444445 0.1743827160493827 0.05709876543209876 0.05709876543209876 
0.0651840490797546 0.037576687116564415 0.05291411042944785 0.04984662576687116 0.02530674846625767 0.08052147239263803 0.6388036809815951 0.04984662576687116 
0.5682515337423313 0.062116564417177916 0.05291411042944785 0.028374233128834355 0.06825153374233128 0.12653374233128833 0.04371165644171779 0.04984662576687116 
0.18442622950819673 0.15163934426229508 0.11885245901639344 0.11885245901639344 0.10245901639344263 0.11885245901639344 0.10245901639344263 0.10245901639344263 
0.6238372093023256 0.03313953488372093 0.07267441860465117 0.061046511627906974 0.06569767441860465 0.07732558139534884 0.035465116279069765 0.030813953488372094 
0.36270491803278687 0.07581967213114754 0.06762295081967214 0.06762295081967214 0.09221311475409837 0.16598360655737704 0.07581967213114754 0.09221311475409837 
0.3445121951219512 0.10060975609756098 0.10060975609756098 0.10060975609756098 0.08841463414634146 0.07621951219512195 0.08841463414634146 0.10060975609756098 
0.06751824817518248 0.1551094890510949 0.11131386861313869 0.11131386861313869 0.1259124087591241 0.1332116788321168 0.1332116788321168 0.1624087591240876 
0.12083333333333333 0.10416666666666667 0.1375 0.15416666666666667 0.15416666666666667 0.12083333333333333 0.10416666666666667 0.10416666666666667 
0.175 0.08928571428571429 0.11785714285714285 0.10357142857142858 0.14642857142857144 0.10357142857142858 0.13214285714285715 0.13214285714285715 
0.09593023255813954 0.11918604651162791 0.07267441860465117 0.1308139534883721 0.1308139534883721 0.10755813953488372 0.07267441860465117 0.2703488372093023 
0.030995934959349592 0.20579268292682926 0.08790650406504065 0.04928861788617886 0.04725609756097561 0.04522357723577236 0.4964430894308943 0.03709349593495935 
0.07716049382716049 0.10185185185185185 0.08950617283950617 0.16358024691358025 0.10185185185185185 0.07716049382716049 0.12654320987654322 0.2623456790123457 
0.34191176470588236 0.09191176470588236 0.09191176470588236 0.09191176470588236 0.10661764705882353 0.09191176470588236 0.09191176470588236 0.09191176470588236 
0.08509389671361503 0.017018779342723004 0.028755868544600938 0.04518779342723005 0.03345070422535211 0.653169014084507 0.06866197183098592 0.06866197183098592 
0.1699837530463038 0.024573517465475224 0.054630381803411864 0.0846872461413485 0.056255077173030056 0.49573517465475225 0.05706742485783915 0.05706742485783915 
