0.09635416666666667 0.10677083333333333 0.10677083333333333 0.0859375 0.09635416666666667 0.07552083333333333 0.09635416666666667 0.3359375 
0.027884615384615386 0.13942307692307693 0.03942307692307692 0.0625 0.05480769230769231 0.07019230769230769 0.2701923076923077 0.33557692307692305 
0.09191176470588236 0.15073529411764705 0.09191176470588236 0.10661764705882353 0.09191176470588236 0.1213235294117647 0.10661764705882353 0.23897058823529413 
0.08333333333333333 0.19 0.13666666666666666 0.09666666666666666 0.11 0.13666666666666666 0.13666666666666666 0.11 
0.2782258064516129 0.10080645161290322 0.10080645161290322 0.10080645161290322 0.11693548387096774 0.10080645161290322 0.10080645161290322 0.10080645161290322 
0.09669811320754718 0.13443396226415094 0.11556603773584906 0.10613207547169812 0.07783018867924528 0.09669811320754718 0.21933962264150944 0.15330188679245282 
0.08812949640287769 0.09532374100719425 0.11690647482014388 0.044964028776978415 0.05935251798561151 0.11690647482014388 0.08093525179856115 0.39748201438848924 
0.09057971014492754 0.11956521739130435 0.11956521739130435 0.11956521739130435 0.09057971014492754 0.10507246376811594 0.2644927536231884 0.09057971014492754 
0.038157894736842106 0.10657894736842105 0.03289473684210526 0.03289473684210526 0.04868421052631579 0.08026315789473684 0.5013157894736842 0.15921052631578947 
0.07459677419354839 0.09879032258064516 0.05846774193548387 0.09879032258064516 0.05040322580645161 0.16330645161290322 0.2600806451612903 0.19556451612903225 
0.07932692307692307 0.06009615384615385 0.3389423076923077 0.10817307692307693 0.0985576923076923 0.11778846153846154 0.0985576923076923 0.0985576923076923 
0.04946808510638298 0.075 0.10053191489361703 0.0601063829787234 0.034574468085106384 0.3898936170212766 0.10904255319148937 0.18138297872340425 
0.11153846153846154 0.1423076923076923 0.12692307692307692 0.1423076923076923 0.11153846153846154 0.09615384615384616 0.1423076923076923 0.12692307692307692 
0.13405797101449277 0.16304347826086957 0.10507246376811594 0.11956521739130435 0.11956521739130435 0.11956521739130435 0.11956521739130435 0.11956521739130435 
0.12890625 0.11328125 0.11328125 0.11328125 0.12890625 0.11328125 0.17578125 0.11328125 
0.016917293233082706 0.04120879120879121 0.12160208212839792 0.30494505494505497 0.11234817813765183 0.02559282822440717 0.07186234817813765 0.30552342394447657 
0.20703125 0.12890625 0.11328125 0.11328125 0.09765625 0.11328125 0.12890625 0.09765625 
0.10459183673469388 0.14540816326530612 0.125 0.09438775510204081 0.08418367346938775 0.11479591836734694 0.19642857142857142 0.13520408163265307 
0.08928571428571429 0.13214285714285715 0.14642857142857144 0.08928571428571429 0.175 0.10357142857142858 0.13214285714285715 0.13214285714285715 
0.11507936507936507 0.13095238095238096 0.0992063492063492 0.11507936507936507 0.0992063492063492 0.0992063492063492 0.24206349206349206 0.0992063492063492 
0.05040322580645161 0.37298387096774194 0.05846774193548387 0.06653225806451613 0.05846774193548387 0.05846774193548387 0.21975806451612903 0.11491935483870967 
0.11885245901639344 0.1680327868852459 0.10245901639344263 0.13524590163934427 0.10245901639344263 0.11885245901639344 0.10245901639344263 0.15163934426229508 
0.09057971014492754 0.10507246376811594 0.10507246376811594 0.09057971014492754 0.10507246376811594 0.13405797101449277 0.23550724637681159 0.13405797101449277 
0.017361111111111112 0.6732253086419753 0.062114197530864196 0.04822530864197531 0.02816358024691358 0.0466820987654321 0.06983024691358025 0.05439814814814815 
0.07397959183673469 0.11479591836734694 0.10459183673469388 0.11479591836734694 0.09438775510204081 0.11479591836734694 0.10459183673469388 0.2780612244897959 
0.09191176470588236 0.10661764705882353 0.13602941176470587 0.10661764705882353 0.09191176470588236 0.09191176470588236 0.1801470588235294 0.1948529411764706 
0.08116883116883117 0.10714285714285714 0.10714285714285714 0.09415584415584416 0.10714285714285714 0.09415584415584416 0.32792207792207795 0.08116883116883117 
0.06474358974358975 0.06217948717948718 0.06987179487179487 0.12884615384615383 0.18269230769230768 0.37756410256410255 0.04423076923076923 0.06987179487179487 
0.125 0.125 0.125 0.10984848484848485 0.10984848484848485 0.14015151515151514 0.0946969696969697 0.17045454545454544 
0.07170542635658915 0.04844961240310078 0.07170542635658915 0.10271317829457365 0.06395348837209303 0.07170542635658915 0.09496124031007752 0.4748062015503876 
0.04120879120879121 0.03021978021978022 0.07417582417582418 0.05952380952380952 0.0815018315018315 0.4661172161172161 0.12912087912087913 0.11813186813186813 
0.09482758620689655 0.07183908045977011 0.08333333333333333 0.08333333333333333 0.10632183908045977 0.08333333333333333 0.1867816091954023 0.29022988505747127 
0.020582329317269075 0.0788152610441767 0.2173694779116466 0.13704819277108435 0.0928714859437751 0.11094377510040161 0.2254016064257028 0.11696787148594377 
0.12373737373737374 0.13383838383838384 0.14393939393939395 0.13383838383838384 0.10353535353535354 0.10353535353535354 0.17424242424242425 0.08333333333333333 
0.2007042253521127 0.10211267605633803 0.13028169014084506 0.13028169014084506 0.10211267605633803 0.13028169014084506 0.11619718309859155 0.0880281690140845 
0.03571428571428571 0.09945054945054944 0.07527472527472527 0.04450549450549451 0.06428571428571428 0.04450549450549451 0.4576923076923077 0.17857142857142858 
0.17666666666666667 0.08333333333333333 0.12333333333333334 0.11 0.11 0.15 0.11 0.13666666666666666 
0.10049019607843138 0.07107843137254902 0.10049019607843138 0.09068627450980392 0.061274509803921566 0.09068627450980392 0.19852941176470587 0.2867647058823529 
0.5630841121495327 0.05841121495327103 0.05841121495327103 0.05841121495327103 0.05841121495327103 0.05841121495327103 0.08644859813084112 0.05841121495327103 
0.4639423076923077 0.0889423076923077 0.07932692307692307 0.06971153846153846 0.06971153846153846 0.07932692307692307 0.07932692307692307 0.06971153846153846 
0.6743027888446215 0.02888446215139442 0.036852589641434265 0.044820717131474105 0.052788844621513946 0.052788844621513946 0.052788844621513946 0.05677290836653386 
0.2152777777777778 0.1412037037037037 0.08564814814814815 0.16898148148148148 0.09490740740740741 0.09490740740740741 0.09490740740740741 0.10416666666666667 
0.014110225763612217 0.10574369189907039 0.1449203187250996 0.3394754316069057 0.1050796812749004 0.0400066401062417 0.0346945551128818 0.21596945551128818 
0.1284722222222222 0.08680555555555555 0.15625 0.10069444444444445 0.11458333333333333 0.15625 0.1423611111111111 0.11458333333333333 
0.029805352798053526 0.03710462287104623 0.03223844282238443 0.06386861313868614 0.04683698296836983 0.029805352798053526 0.5456204379562044 0.21472019464720193 
0.01021505376344086 0.07759856630824373 0.05824372759856631 0.0532258064516129 0.11057347670250896 0.0489247311827957 0.4496415770609319 0.19157706093189963 
0.29846938775510207 0.10459183673469388 0.08418367346938775 0.08418367346938775 0.06377551020408163 0.19642857142857142 0.08418367346938775 0.08418367346938775 
0.10211267605633803 0.0880281690140845 0.0880281690140845 0.0880281690140845 0.13028169014084506 0.0880281690140845 0.15845070422535212 0.25704225352112675 
0.3438845822566753 0.05103359173126615 0.1380275624461671 0.06912144702842377 0.06912144702842377 0.2611972437553833 0.030361757105943153 0.037252368647717485 
0.01725 0.05625 0.05025 0.05625 0.02225 0.09225 0.51425 0.19125 
0.5397435897435897 0.09871794871794871 0.04230769230769231 0.047435897435897434 0.06794871794871794 0.06282051282051282 0.047435897435897434 0.09358974358974359 
0.5262237762237763 0.043706293706293704 0.050699300699300696 0.057692307692307696 0.06468531468531469 0.09265734265734266 0.07867132867132867 0.08566433566433566 
0.24722222222222223 0.08055555555555556 0.10277777777777777 0.08055555555555556 0.125 0.16944444444444445 0.06944444444444445 0.125 
0.23107940446650124 0.09832506203473945 0.10204714640198512 0.07351116625310174 0.10949131513647643 0.27698511166253104 0.08839950372208437 0.020161290322580645 
0.17753623188405798 0.10507246376811594 0.13405797101449277 0.11956521739130435 0.13405797101449277 0.13405797101449277 0.10507246376811594 0.09057971014492754 
0.05306603773584906 0.14268867924528303 0.07665094339622641 0.1804245283018868 0.07193396226415094 0.06721698113207547 0.07193396226415094 0.33608490566037735 
0.046052631578947366 0.2063397129186603 0.13696172248803828 0.15849282296650719 0.06758373205741627 0.05083732057416268 0.1513157894736842 0.18241626794258373 
0.11301369863013698 0.1678082191780822 0.09931506849315068 0.11301369863013698 0.09931506849315068 0.09931506849315068 0.1541095890410959 0.1541095890410959 
0.328125 0.090625 0.090625 0.090625 0.090625 0.140625 0.078125 0.090625 
0.11328125 0.09765625 0.09765625 0.09765625 0.09765625 0.09765625 0.25390625 0.14453125 
0.04562043795620438 0.1259124087591241 0.11861313868613138 0.04562043795620438 0.060218978102189784 0.08941605839416059 0.2791970802919708 0.2354014598540146 
0.11011904761904762 0.12202380952380952 0.08630952380952381 0.21726190476190477 0.09821428571428571 0.0744047619047619 0.15773809523809523 0.13392857142857142 
0.06702898550724638 0.05253623188405797 0.059782608695652176 0.04528985507246377 0.04528985507246377 0.08876811594202899 0.22644927536231885 0.4148550724637681 
0.04959514170040486 0.6852226720647774 0.029352226720647773 0.06174089068825911 0.04149797570850203 0.04554655870445344 0.057692307692307696 0.029352226720647773 
0.02068014705882353 0.05744485294117647 0.04457720588235294 0.05560661764705882 0.19163602941176472 0.04825367647058824 0.04457720588235294 0.5372242647058824 
0.0876068376068376 0.0876068376068376 0.1047008547008547 0.14743589743589744 0.09615384615384616 0.07905982905982906 0.16452991452991453 0.2329059829059829 
0.10661764705882353 0.1213235294117647 0.1801470588235294 0.10661764705882353 0.13602941176470587 0.10661764705882353 0.10661764705882353 0.13602941176470587 
0.4753289473684211 0.04111842105263158 0.047697368421052634 0.054276315789473686 0.0805921052631579 0.18585526315789475 0.06085526315789474 0.054276315789473686 
0.18323863636363635 0.052556818181818184 0.06392045454545454 0.08664772727272728 0.07528409090909091 0.4446022727272727 0.052556818181818184 0.041193181818181816 
0.09615384615384616 0.1423076923076923 0.11153846153846154 0.1423076923076923 0.09615384615384616 0.11153846153846154 0.20384615384615384 0.09615384615384616 
0.505863539445629 0.028251599147121536 0.05383795309168443 0.03251599147121535 0.11140724946695096 0.17537313432835822 0.06449893390191898 0.028251599147121536 
0.11956521739130435 0.10507246376811594 0.09057971014492754 0.10507246376811594 0.13405797101449277 0.09057971014492754 0.16304347826086957 0.19202898550724637 
0.0992063492063492 0.11507936507936507 0.13095238095238096 0.14682539682539683 0.0992063492063492 0.13095238095238096 0.17857142857142858 0.0992063492063492 
0.13602941176470587 0.09191176470588236 0.13602941176470587 0.09191176470588236 0.1213235294117647 0.15073529411764705 0.1801470588235294 0.09191176470588236 
0.17039800995024876 0.08084577114427861 0.060945273631840796 0.055970149253731345 0.08084577114427861 0.1256218905472637 0.32960199004975127 0.09577114427860696 
0.1267123287671233 0.09931506849315068 0.11301369863013698 0.1815068493150685 0.11301369863013698 0.1678082191780822 0.09931506849315068 0.09931506849315068 
0.3125 0.09191176470588236 0.10661764705882353 0.10661764705882353 0.10661764705882353 0.09191176470588236 0.09191176470588236 0.09191176470588236 
0.34595959595959597 0.10353535353535354 0.10353535353535354 0.07323232323232323 0.09343434343434344 0.07323232323232323 0.09343434343434344 0.11363636363636363 
0.08333333333333333 0.08962264150943396 0.08333333333333333 0.08333333333333333 0.1650943396226415 0.05817610062893082 0.10220125786163523 0.33490566037735847 
0.01454520622780661 0.03776290630975143 0.05633706637530729 0.04786943458071565 0.591709915323682 0.03175361922971866 0.02601748156241464 0.19400437039060367 
0.21370967741935484 0.14919354838709678 0.11693548387096774 0.10080645161290322 0.11693548387096774 0.10080645161290322 0.10080645161290322 0.10080645161290322 
0.16017110266159695 0.06511406844106464 0.046102661596958174 0.09933460076045628 0.09363117870722433 0.41872623574144485 0.034695817490494295 0.08222433460076045 
0.052556818181818184 0.06392045454545454 0.041193181818181816 0.05823863636363636 0.06392045454545454 0.06392045454545454 0.10369318181818182 0.5525568181818182 
0.3644578313253012 0.08734939759036145 0.09939759036144578 0.07530120481927711 0.08734939759036145 0.09939759036144578 0.11144578313253012 0.07530120481927711 
0.09931506849315068 0.11301369863013698 0.08561643835616438 0.08561643835616438 0.1267123287671233 0.1267123287671233 0.2363013698630137 0.1267123287671233 
0.011758691206543968 0.016725094945953842 0.721954425942156 0.06346771837569383 0.04301782062518259 0.04097283085013147 0.01789366053169734 0.08420975752264095 
0.10080645161290322 0.11693548387096774 0.10080645161290322 0.11693548387096774 0.14919354838709678 0.14919354838709678 0.16532258064516128 0.10080645161290322 
0.1375 0.10416666666666667 0.12083333333333333 0.12083333333333333 0.17083333333333334 0.12083333333333333 0.10416666666666667 0.12083333333333333 
0.21413934426229508 0.03790983606557377 0.05430327868852459 0.042008196721311473 0.05430327868852459 0.4395491803278688 0.0584016393442623 0.09938524590163934 
0.2892857142857143 0.10357142857142858 0.08928571428571429 0.13214285714285715 0.10357142857142858 0.08928571428571429 0.10357142857142858 0.08928571428571429 
0.20081967213114754 0.10245901639344263 0.11885245901639344 0.10245901639344263 0.11885245901639344 0.15163934426229508 0.10245901639344263 0.10245901639344263 
0.31850961538461536 0.054086538461538464 0.10216346153846154 0.11177884615384616 0.0733173076923077 0.16947115384615385 0.0733173076923077 0.09735576923076923 
0.19444444444444445 0.0992063492063492 0.13095238095238096 0.11507936507936507 0.0992063492063492 0.11507936507936507 0.14682539682539683 0.0992063492063492 
0.12815126050420167 0.07773109243697479 0.06092436974789916 0.07773109243697479 0.13655462184873948 0.34663865546218486 0.06932773109243698 0.10294117647058823 
0.06318016928657799 0.019649334945586457 0.08494558645707376 0.13814993954050786 0.018440145102781136 0.5625755743651754 0.0752720677146312 0.037787182587666265 
0.02407243816254417 0.0443904593639576 0.0894434628975265 0.08767667844522968 0.07619257950530035 0.12036219081272084 0.08149293286219081 0.47636925795053003 
0.1626984126984127 0.11507936507936507 0.0992063492063492 0.11507936507936507 0.0992063492063492 0.1626984126984127 0.11507936507936507 0.13095238095238096 
0.03676470588235294 0.04656862745098039 0.1053921568627451 0.0727124183006536 0.07598039215686274 0.10212418300653595 0.04330065359477124 0.5171568627450981 
0.328125 0.090625 0.115625 0.103125 0.078125 0.078125 0.090625 0.115625 
0.032229965156794424 0.1367595818815331 0.08449477351916376 0.15418118466898956 0.1019163763066202 0.04965156794425087 0.2587108013937282 0.18205574912891986 
0.039335664335664336 0.08129370629370629 0.12325174825174826 0.1687062937062937 0.028846153846153848 0.10576923076923077 0.3994755244755245 0.05332167832167832 
0.27427184466019416 0.08980582524271845 0.0703883495145631 0.08980582524271845 0.14805825242718446 0.10922330097087378 0.08980582524271845 0.12864077669902912 
0.07703488372093023 0.08284883720930232 0.06540697674418605 0.1002906976744186 0.05377906976744186 0.23982558139534885 0.06540697674418605 0.31540697674418605 
0.11619718309859155 0.11619718309859155 0.11619718309859155 0.13028169014084506 0.1443661971830986 0.11619718309859155 0.11619718309859155 0.1443661971830986 
0.5692389006342494 0.034355179704016914 0.0660676532769556 0.1083509513742072 0.09355179704016914 0.08086680761099366 0.023784355179704016 0.023784355179704016 
0.054924242424242424 0.08522727272727272 0.11553030303030302 0.07007575757575757 0.10795454545454546 0.1534090909090909 0.07765151515151515 0.3352272727272727 
0.09666666666666666 0.08333333333333333 0.09666666666666666 0.09666666666666666 0.08333333333333333 0.11 0.31 0.12333333333333334 
0.07366071428571429 0.14508928571428573 0.06473214285714286 0.06473214285714286 0.05580357142857143 0.05580357142857143 0.109375 0.43080357142857145 
0.10211267605633803 0.0880281690140845 0.1443661971830986 0.11619718309859155 0.11619718309859155 0.2007042253521127 0.11619718309859155 0.11619718309859155 
0.314 0.05 0.098 0.074 0.058 0.226 0.09 0.09 
0.14919354838709678 0.10080645161290322 0.11693548387096774 0.10080645161290322 0.13306451612903225 0.11693548387096774 0.14919354838709678 0.13306451612903225 
0.42329545454545453 0.09375 0.07102272727272728 0.08238636363636363 0.08238636363636363 0.07102272727272728 0.09375 0.08238636363636363 
0.5307486631016043 0.07085561497326204 0.04411764705882353 0.07085561497326204 0.08155080213903744 0.07620320855614973 0.08155080213903744 0.04411764705882353 
0.0614406779661017 0.1038135593220339 0.09533898305084745 0.08686440677966102 0.06991525423728813 0.13771186440677965 0.08686440677966102 0.3580508474576271 
0.1053921568627451 0.06197478991596639 0.0661764705882353 0.05917366946778711 0.04656862745098039 0.155812324929972 0.4695378151260504 0.035364145658263305 
0.028903456495828365 0.030095351609058404 0.018176400476758045 0.08134684147794995 0.03367103694874851 0.317342073897497 0.03843861740166865 0.45202622169249107 
0.046474358974358976 0.052884615384615384 0.052884615384615384 0.05929487179487179 0.07211538461538461 0.21314102564102563 0.1875 0.3157051282051282 
0.04390495867768595 0.02737603305785124 0.035640495867768594 0.07076446280991736 0.05836776859504132 0.2112603305785124 0.15960743801652894 0.3930785123966942 
0.3246805111821086 0.032348242811501594 0.2336261980830671 0.05151757188498403 0.0738817891373802 0.20007987220447285 0.057907348242811504 0.025958466453674122 
0.5305232558139535 0.04796511627906977 0.04796511627906977 0.059593023255813955 0.05377906976744186 0.14680232558139536 0.036337209302325583 0.07703488372093023 
0.1058648111332008 0.04622266401590457 0.1933399602385686 0.11779324055666004 0.052186878727634195 0.3106361829025845 0.0621272365805169 0.11182902584493042 
0.5575842696629213 0.05196629213483146 0.07443820224719101 0.06320224719101124 0.06882022471910113 0.06882022471910113 0.06882022471910113 0.046348314606741575 
0.08980582524271845 0.08980582524271845 0.18689320388349515 0.12864077669902912 0.12864077669902912 0.09951456310679611 0.08980582524271845 0.18689320388349515 
0.13028169014084506 0.13028169014084506 0.15845070422535212 0.10211267605633803 0.1443661971830986 0.11619718309859155 0.11619718309859155 0.10211267605633803 
0.052745664739884394 0.05852601156069364 0.15679190751445088 0.08453757225433527 0.3070809248554913 0.06719653179190752 0.15390173410404626 0.11921965317919075 
0.4793233082706767 0.02568922305764411 0.06829573934837092 0.05827067669172932 0.02568922305764411 0.25626566416040103 0.043233082706766915 0.043233082706766915 
0.21296296296296297 0.08950617283950617 0.10185185185185185 0.15123456790123457 0.07716049382716049 0.11419753086419752 0.16358024691358025 0.08950617283950617 
0.41010699273977835 0.02799006495987772 0.018055024837600304 0.022258311043179213 0.28133358807795183 0.22134123041650744 0.011941153993121895 0.006973633931983187 
0.46238938053097345 0.1172566371681416 0.08185840707964602 0.05530973451327434 0.06415929203539823 0.07300884955752213 0.07300884955752213 0.07300884955752213 
0.4166666666666667 0.04793510324483776 0.03908554572271387 0.11578171091445427 0.12463126843657817 0.17182890855457228 0.036135693215339236 0.04793510324483776 
0.05493273542600897 0.06838565022421525 0.05044843049327354 0.08632286995515695 0.0952914798206278 0.0952914798206278 0.0773542600896861 0.47197309417040356 
0.14642857142857144 0.13214285714285715 0.11785714285714285 0.14642857142857144 0.11785714285714285 0.13214285714285715 0.10357142857142858 0.10357142857142858 
0.45567375886524825 0.0797872340425532 0.0726950354609929 0.05851063829787234 0.10106382978723404 0.05851063829787234 0.0797872340425532 0.09397163120567376 
0.09666666666666666 0.09666666666666666 0.20333333333333334 0.09666666666666666 0.16333333333333333 0.11 0.13666666666666666 0.09666666666666666 
0.08430232558139535 0.1308139534883721 0.18895348837209303 0.09593023255813954 0.14244186046511628 0.17732558139534885 0.09593023255813954 0.08430232558139535 
0.26136363636363635 0.10984848484848485 0.125 0.0946969696969697 0.0946969696969697 0.0946969696969697 0.125 0.0946969696969697 
0.5302547770700637 0.07165605095541401 0.07165605095541401 0.09076433121019108 0.03980891719745223 0.0589171974522293 0.06528662420382166 0.07165605095541401 
0.40765765765765766 0.06531531531531531 0.08333333333333333 0.12837837837837837 0.07432432432432433 0.09234234234234234 0.07432432432432433 0.07432432432432433 
0.315625 0.078125 0.090625 0.128125 0.078125 0.090625 0.115625 0.103125 
0.2774725274725275 0.09065934065934066 0.10164835164835165 0.12362637362637363 0.11263736263736264 0.06868131868131869 0.11263736263736264 0.11263736263736264 
0.42329545454545453 0.10511363636363637 0.08238636363636363 0.07102272727272728 0.09375 0.07102272727272728 0.07102272727272728 0.08238636363636363 
0.5024038461538461 0.06971153846153846 0.06971153846153846 0.06971153846153846 0.07932692307692307 0.07932692307692307 0.06009615384615385 0.06971153846153846 
0.6698606271777003 0.039198606271777 0.032229965156794424 0.042682926829268296 0.039198606271777 0.11236933797909408 0.03571428571428571 0.028745644599303136 
0.16349693251533742 0.04570552147239264 0.14141104294478526 0.15 0.11809815950920245 0.25674846625766873 0.08742331288343558 0.037116564417177915 
0.2810077519379845 0.04844961240310078 0.13372093023255813 0.09496124031007752 0.1182170542635659 0.14922480620155038 0.07945736434108527 0.09496124031007752 
0.18358395989974938 0.023182957393483708 0.05827067669172932 0.05827067669172932 0.08333333333333333 0.5219298245614035 0.03571428571428571 0.03571428571428571 
0.25938735177865613 0.03606719367588933 0.08152173913043478 0.1309288537549407 0.10128458498023715 0.3325098814229249 0.04199604743083004 0.016304347826086956 
0.1987179487179487 0.13034188034188035 0.0876068376068376 0.07051282051282051 0.0876068376068376 0.2841880341880342 0.07051282051282051 0.07051282051282051 
0.5597826086956522 0.059782608695652176 0.05253623188405797 0.09601449275362318 0.059782608695652176 0.07427536231884058 0.05253623188405797 0.04528985507246377 
0.10080645161290322 0.13306451612903225 0.10080645161290322 0.16532258064516128 0.13306451612903225 0.14919354838709678 0.11693548387096774 0.10080645161290322 
0.1626984126984127 0.11507936507936507 0.11507936507936507 0.11507936507936507 0.13095238095238096 0.11507936507936507 0.13095238095238096 0.11507936507936507 
0.04807692307692308 0.11020710059171597 0.41789940828402367 0.11612426035502958 0.09245562130177515 0.0628698224852071 0.06878698224852071 0.08357988165680473 
0.13095238095238096 0.11507936507936507 0.13095238095238096 0.14682539682539683 0.14682539682539683 0.0992063492063492 0.11507936507936507 0.11507936507936507 
0.04076086956521739 0.17119565217391305 0.0625 0.0661231884057971 0.029891304347826088 0.03713768115942029 0.16032608695652173 0.4320652173913043 
0.1828358208955224 0.12313432835820895 0.13805970149253732 0.09328358208955224 0.09328358208955224 0.13805970149253732 0.09328358208955224 0.13805970149253732 
0.1443661971830986 0.10211267605633803 0.10211267605633803 0.10211267605633803 0.15845070422535212 0.10211267605633803 0.1443661971830986 0.1443661971830986 
0.12692307692307692 0.09615384615384616 0.09615384615384616 0.11153846153846154 0.1423076923076923 0.1576923076923077 0.12692307692307692 0.1423076923076923 
0.3633720930232558 0.07267441860465117 0.10755813953488372 0.08430232558139535 0.08430232558139535 0.09593023255813954 0.09593023255813954 0.09593023255813954 
0.12083333333333333 0.10416666666666667 0.10416666666666667 0.10416666666666667 0.12083333333333333 0.1375 0.20416666666666666 0.10416666666666667 
0.7278554778554779 0.0168997668997669 0.03787878787878788 0.035547785547785545 0.023892773892773892 0.08916083916083917 0.04020979020979021 0.028554778554778556 
0.5610236220472441 0.07283464566929133 0.05708661417322835 0.06496062992125984 0.04921259842519685 0.07283464566929133 0.04921259842519685 0.07283464566929133 
0.5892857142857143 0.057539682539682536 0.06547619047619048 0.057539682539682536 0.06547619047619048 0.057539682539682536 0.057539682539682536 0.0496031746031746 
0.6348167539267016 0.04319371727748691 0.032722513089005235 0.032722513089005235 0.09031413612565445 0.0693717277486911 0.032722513089005235 0.06413612565445026 
0.10661764705882353 0.10661764705882353 0.09191176470588236 0.10661764705882353 0.09191176470588236 0.13602941176470587 0.20955882352941177 0.15073529411764705 
0.1875 0.10416666666666667 0.10416666666666667 0.10416666666666667 0.12083333333333333 0.10416666666666667 0.15416666666666667 0.12083333333333333 
0.018326417704011066 0.1206777316735823 0.06258644536652835 0.28250345781466113 0.05567081604426003 0.032157676348547715 0.10822959889349931 0.31984785615491007 
0.07716049382716049 0.1882716049382716 0.07716049382716049 0.08950617283950617 0.08950617283950617 0.08950617283950617 0.27469135802469136 0.11419753086419752 
0.06622306717363752 0.04214195183776933 0.07129277566539924 0.04340937896070976 0.0979087452471483 0.6023447401774398 0.04594423320659062 0.03073510773130545 
0.12692307692307692 0.11153846153846154 0.12692307692307692 0.11153846153846154 0.12692307692307692 0.11153846153846154 0.18846153846153846 0.09615384615384616 
0.1611842105263158 0.09539473684210527 0.12171052631578948 0.10855263157894737 0.10855263157894737 0.1611842105263158 0.12171052631578948 0.12171052631578948 
0.042355371900826444 0.06301652892561983 0.06301652892561983 0.06301652892561983 0.07954545454545454 0.1415289256198347 0.06301652892561983 0.484504132231405 
0.2644927536231884 0.11956521739130435 0.10507246376811594 0.10507246376811594 0.10507246376811594 0.11956521739130435 0.09057971014492754 0.09057971014492754 
0.07102272727272728 0.09375 0.08238636363636363 0.11647727272727272 0.11647727272727272 0.10511363636363637 0.24147727272727273 0.17329545454545456 
0.05377358490566038 0.038679245283018866 0.027358490566037737 0.06509433962264151 0.06509433962264151 0.09528301886792453 0.057547169811320756 0.5971698113207548 
0.35511363636363635 0.09375 0.11647727272727272 0.08238636363636363 0.09375 0.10511363636363637 0.08238636363636363 0.07102272727272728 
0.01648721399730821 0.11473755047106325 0.07032301480484522 0.08781965006729475 0.05820995962314939 0.02456258411843876 0.569650067294751 0.05820995962314939 
0.14453125 0.12890625 0.09765625 0.11328125 0.12890625 0.09765625 0.16015625 0.12890625 
0.08173076923076923 0.05096153846153846 0.0625 0.08173076923076923 0.05480769230769231 0.1971153846153846 0.1625 0.30865384615384617 
0.06859756097560976 0.04420731707317073 0.07469512195121951 0.09908536585365854 0.06859756097560976 0.1722560975609756 0.05030487804878049 0.4222560975609756 
0.09018987341772151 0.07753164556962025 0.07753164556962025 0.07120253164556962 0.07753164556962025 0.4319620253164557 0.058544303797468354 0.11550632911392406 
0.07922535211267606 0.06514084507042253 0.08626760563380281 0.04401408450704225 0.051056338028169015 0.19190140845070422 0.10035211267605634 0.38204225352112675 
0.15163934426229508 0.10245901639344263 0.10245901639344263 0.10245901639344263 0.13524590163934427 0.11885245901639344 0.18442622950819673 0.10245901639344263 
0.023015873015873017 0.06428571428571428 0.048412698412698414 0.029365079365079365 0.03253968253968254 0.05476190476190476 0.14047619047619048 0.6071428571428571 
0.13095238095238096 0.13095238095238096 0.11507936507936507 0.0992063492063492 0.0992063492063492 0.13095238095238096 0.17857142857142858 0.11507936507936507 
0.09666666666666666 0.11 0.09666666666666666 0.08333333333333333 0.08333333333333333 0.09666666666666666 0.3233333333333333 0.11 
0.0625 0.10037878787878787 0.10795454545454546 0.0625 0.0625 0.0928030303030303 0.4337121212121212 0.07765151515151515 
0.10416666666666667 0.12083333333333333 0.1375 0.10416666666666667 0.12083333333333333 0.12083333333333333 0.17083333333333334 0.12083333333333333 
0.07267441860465117 0.09593023255813954 0.07267441860465117 0.10755813953488372 0.07267441860465117 0.10755813953488372 0.375 0.09593023255813954 
0.032091917591125195 0.06061806656101426 0.036846275752773376 0.09231378763866878 0.05586370839936609 0.033676703645007924 0.6279714738510301 0.06061806656101426 
0.061274509803921566 0.16911764705882354 0.09068627450980392 0.16911764705882354 0.13970588235294118 0.07107843137254902 0.20833333333333334 0.09068627450980392 
0.2336065573770492 0.10245901639344263 0.11885245901639344 0.10245901639344263 0.10245901639344263 0.13524590163934427 0.10245901639344263 0.10245901639344263 
0.10416666666666667 0.1375 0.10416666666666667 0.10416666666666667 0.1375 0.12083333333333333 0.15416666666666667 0.1375 
0.06868131868131869 0.07967032967032966 0.10164835164835165 0.07967032967032966 0.09065934065934066 0.07967032967032966 0.37637362637362637 0.12362637362637363 
0.14887640449438203 0.08146067415730338 0.10393258426966293 0.09269662921348315 0.1151685393258427 0.08146067415730338 0.2612359550561798 0.1151685393258427 
0.11956521739130435 0.11956521739130435 0.09057971014492754 0.10507246376811594 0.13405797101449277 0.10507246376811594 0.19202898550724637 0.13405797101449277 
0.09328358208955224 0.13805970149253732 0.12313432835820895 0.12313432835820895 0.12313432835820895 0.12313432835820895 0.1828358208955224 0.09328358208955224 
0.023293357933579336 0.07956642066420665 0.046356088560885605 0.05373616236162362 0.07126383763837639 0.01775830258302583 0.5869464944649446 0.12107933579335793 
0.2347560975609756 0.07621951219512195 0.11280487804878049 0.11280487804878049 0.10060975609756098 0.16158536585365854 0.11280487804878049 0.08841463414634146 
0.06944444444444445 0.1361111111111111 0.11388888888888889 0.09166666666666666 0.09166666666666666 0.08055555555555556 0.10277777777777777 0.3138888888888889 
0.3545258620689655 0.03987068965517242 0.057112068965517244 0.09590517241379311 0.2338362068965517 0.10883620689655173 0.06573275862068965 0.04418103448275862 
0.056818181818181816 0.3477272727272727 0.075 0.0659090909090909 0.0659090909090909 0.11136363636363636 0.21136363636363636 0.0659090909090909 
0.125 0.125 0.09797297297297297 0.11148648648648649 0.11148648648648649 0.08445945945945946 0.20608108108108109 0.13851351351351351 
0.24295774647887325 0.10211267605633803 0.0880281690140845 0.13028169014084506 0.1443661971830986 0.10211267605633803 0.10211267605633803 0.0880281690140845 
0.7604961832061069 0.035305343511450385 0.035305343511450385 0.02767175572519084 0.039122137404580155 0.042938931297709926 0.02767175572519084 0.03148854961832061 
0.2864583333333333 0.050347222222222224 0.0920138888888889 0.0920138888888889 0.057291666666666664 0.24479166666666666 0.0642361111111111 0.11284722222222222 
0.054924242424242424 0.14583333333333334 0.0928030303030303 0.0928030303030303 0.08522727272727272 0.0928030303030303 0.30492424242424243 0.13068181818181818 
0.07552083333333333 0.1484375 0.07552083333333333 0.1484375 0.0859375 0.12760416666666666 0.12760416666666666 0.2109375 
0.15833333333333333 0.10277777777777777 0.1361111111111111 0.14722222222222223 0.08055555555555556 0.1361111111111111 0.1361111111111111 0.10277777777777777 
0.07795698924731183 0.11021505376344086 0.08870967741935484 0.09946236559139784 0.12096774193548387 0.09946236559139784 0.30376344086021506 0.09946236559139784 
0.06108312342569269 0.11397984886649874 0.086272040302267 0.03589420654911839 0.13161209068010077 0.3431989924433249 0.04345088161209068 0.1845088161209068 
0.10416666666666667 0.1375 0.1375 0.12083333333333333 0.1375 0.10416666666666667 0.1375 0.12083333333333333 
0.1738095238095238 0.05952380952380952 0.06904761904761905 0.0880952380952381 0.09761904761904762 0.26904761904761904 0.1357142857142857 0.10714285714285714 
0.1541095890410959 0.08561643835616438 0.1404109589041096 0.08561643835616438 0.11301369863013698 0.2363013698630137 0.08561643835616438 0.09931506849315068 
0.11148648648648649 0.09797297297297297 0.11148648648648649 0.08445945945945946 0.09797297297297297 0.30067567567567566 0.09797297297297297 0.09797297297297297 
0.5342741935483871 0.05040322580645161 0.06653225806451613 0.06653225806451613 0.09879032258064516 0.07459677419354839 0.05040322580645161 0.05846774193548387 
0.25526315789473686 0.09736842105263158 0.06578947368421052 0.10789473684210527 0.10789473684210527 0.16052631578947368 0.09736842105263158 0.10789473684210527 
0.10416666666666667 0.1375 0.12083333333333333 0.12083333333333333 0.1375 0.17083333333333334 0.10416666666666667 0.10416666666666667 
0.125 0.09797297297297297 0.15202702702702703 0.125 0.15202702702702703 0.15202702702702703 0.08445945945945946 0.11148648648648649 
0.07520325203252033 0.12398373983739837 0.08333333333333333 0.08333333333333333 0.11585365853658537 0.07520325203252033 0.2621951219512195 0.18089430894308944 
0.07481751824817519 0.2062043795620438 0.1478102189781022 0.14051094890510948 0.09671532846715329 0.08211678832116788 0.11861313868613138 0.1332116788321168 
0.10080645161290322 0.11693548387096774 0.11693548387096774 0.10080645161290322 0.13306451612903225 0.11693548387096774 0.1814516129032258 0.13306451612903225 
0.11619718309859155 0.1443661971830986 0.11619718309859155 0.13028169014084506 0.10211267605633803 0.0880281690140845 0.15845070422535212 0.1443661971830986 
0.21785714285714286 0.10357142857142858 0.08928571428571429 0.10357142857142858 0.14642857142857144 0.14642857142857144 0.10357142857142858 0.08928571428571429 
0.11785714285714285 0.08928571428571429 0.08928571428571429 0.10357142857142858 0.10357142857142858 0.11785714285714285 0.18928571428571428 0.18928571428571428 
0.041196388261851014 0.03893905191873589 0.20372460496613995 0.06602708803611738 0.10214446952595936 0.42494356659142213 0.08182844243792325 0.041196388261851014 
0.05892857142857143 0.33035714285714285 0.08035714285714286 0.05178571428571429 0.10892857142857143 0.06607142857142857 0.2017857142857143 0.10178571428571428 
0.15625 0.1423611111111111 0.15625 0.11458333333333333 0.1284722222222222 0.11458333333333333 0.08680555555555555 0.10069444444444445 
0.10661764705882353 0.1213235294117647 0.09191176470588236 0.1213235294117647 0.09191176470588236 0.09191176470588236 0.09191176470588236 0.28308823529411764 
0.12349397590361445 0.19578313253012047 0.09939759036144578 0.1355421686746988 0.07530120481927711 0.08734939759036145 0.12349397590361445 0.15963855421686746 
0.03410914927768861 0.0630016051364366 0.10313001605136436 0.08707865168539326 0.07423756019261638 0.05016051364365971 0.44662921348314605 0.14165329052969503 
0.24206349206349206 0.13095238095238096 0.0992063492063492 0.0992063492063492 0.11507936507936507 0.0992063492063492 0.0992063492063492 0.11507936507936507 
0.03987068965517242 0.04849137931034483 0.04418103448275862 0.04418103448275862 0.052801724137931036 0.1476293103448276 0.08728448275862069 0.5355603448275862 
0.0992063492063492 0.11507936507936507 0.0992063492063492 0.11507936507936507 0.14682539682539683 0.11507936507936507 0.17857142857142858 0.13095238095238096 
0.11507936507936507 0.0992063492063492 0.13095238095238096 0.14682539682539683 0.11507936507936507 0.14682539682539683 0.13095238095238096 0.11507936507936507 
0.11296296296296296 0.10555555555555556 0.12777777777777777 0.19444444444444445 0.1425925925925926 0.08333333333333333 0.1648148148148148 0.06851851851851852 
0.06720430107526881 0.07795698924731183 0.07795698924731183 0.12096774193548387 0.13172043010752688 0.1424731182795699 0.19623655913978494 0.18548387096774194 
0.745702005730659 0.02650429799426934 0.052292263610315186 0.02650429799426934 0.03510028653295129 0.04083094555873926 0.04369627507163324 0.029369627507163324 
0.01804123711340206 0.03584817244611059 0.059278350515463915 0.08270852858481724 0.03491096532333646 0.03397375820056232 0.14550140581068416 0.5897375820056232 
0.10416666666666667 0.10416666666666667 0.10416666666666667 0.15416666666666667 0.12083333333333333 0.12083333333333333 0.17083333333333334 0.12083333333333333 
0.27134146341463417 0.10060975609756098 0.07621951219512195 0.11280487804878049 0.10060975609756098 0.10060975609756098 0.11280487804878049 0.125 
0.2159090909090909 0.10984848484848485 0.0946969696969697 0.125 0.0946969696969697 0.125 0.125 0.10984848484848485 
0.06859756097560976 0.10518292682926829 0.056402439024390245 0.056402439024390245 0.07469512195121951 0.05030487804878049 0.3856707317073171 0.2027439024390244 
0.13524590163934427 0.10245901639344263 0.11885245901639344 0.15163934426229508 0.11885245901639344 0.13524590163934427 0.13524590163934427 0.10245901639344263 
0.3595679012345679 0.05709876543209876 0.06944444444444445 0.11265432098765432 0.10648148148148148 0.16820987654320987 0.05709876543209876 0.06944444444444445 
0.040644171779141106 0.040644171779141106 0.09279141104294479 0.028374233128834355 0.03450920245398773 0.07745398773006135 0.6572085889570553 0.028374233128834355 
0.6510736196319018 0.037576687116564415 0.03450920245398773 0.04984662576687116 0.05291411042944785 0.09279141104294479 0.04677914110429448 0.03450920245398773 
0.1680327868852459 0.13524590163934427 0.11885245901639344 0.10245901639344263 0.10245901639344263 0.10245901639344263 0.1680327868852459 0.10245901639344263 
0.5912790697674418 0.03313953488372093 0.10755813953488372 0.0377906976744186 0.04941860465116279 0.10290697674418604 0.06337209302325582 0.014534883720930232 
0.24795081967213115 0.08401639344262295 0.1168032786885246 0.06762295081967214 0.10860655737704918 0.19057377049180327 0.10040983606557377 0.08401639344262295 
0.3323170731707317 0.07621951219512195 0.11280487804878049 0.08841463414634146 0.08841463414634146 0.11280487804878049 0.07621951219512195 0.11280487804878049 
0.05291970802919708 0.16970802919708028 0.1478102189781022 0.177007299270073 0.060218978102189784 0.08941605839416059 0.1259124087591241 0.177007299270073 
0.1375 0.1375 0.12083333333333333 0.12083333333333333 0.12083333333333333 0.10416666666666667 0.12083333333333333 0.1375 
0.18928571428571428 0.08928571428571429 0.10357142857142858 0.11785714285714285 0.13214285714285715 0.14642857142857144 0.10357142857142858 0.11785714285714285 
0.1308139534883721 0.10755813953488372 0.07267441860465117 0.09593023255813954 0.08430232558139535 0.16569767441860464 0.1308139534883721 0.21220930232558138 
0.030995934959349592 0.2728658536585366 0.043191056910569105 0.053353658536585365 0.09197154471544715 0.024898373983739838 0.45172764227642276 0.030995934959349592 
0.07716049382716049 0.1388888888888889 0.1388888888888889 0.15123456790123457 0.10185185185185185 0.08950617283950617 0.10185185185185185 0.2006172839506173 
0.3272058823529412 0.10661764705882353 0.10661764705882353 0.09191176470588236 0.09191176470588236 0.09191176470588236 0.09191176470588236 0.09191176470588236 
0.09448356807511737 0.031103286384976527 0.03814553990610329 0.07570422535211267 0.0710093896713615 0.5663145539906104 0.061619718309859156 0.061619718309859156 
0.16267262388302192 0.031072298943948008 0.03269699431356621 0.04082047116165719 0.0854995938261576 0.48192526401299757 0.12530463038180342 0.04000812347684809 
0.0976027397260274 0.07705479452054795 0.10445205479452055 0.11815068493150685 0.09075342465753425 0.2756849315068493 0.1113013698630137 0.125 
